0.0,0.0,1.0,0.0,1.0,0.0,-1.0,0.0,0.0,0.0,0.0,0.5,0
0.0,0.0,1.0,0.0,1.0,0.0,-1.0,0.0,0.0,5.007780759798088e-08,5.007780759798088e-08,0.4999999812208222,0
0.0,0.0,1.0,0.0,1.0,0.0,-1.0,0.0,0.0,3.9959293659811384e-07,3.9959293659811384e-07,0.49999985015264875,0
-1.0564832768827698e-06,0.0,0.9999999999994419,0.0,1.0,0.0,-0.9999999999994419,0.0,-1.0564832768827698e-06,1.345156286478781e-06,1.345156286478781e-06,0.49999949556639256,0
-2.4978057240081e-06,0.0,0.9999999999968805,0.0,1.0,0.0,-0.9999999999968805,0.0,-2.4978057240081e-06,3.180305022876264e-06,3.180305022876264e-06,0.4999988073856164,0
-4.865944670239719e-06,0.0,0.9999999999881612,0.0,1.0,0.0,-0.9999999999881612,0.0,-4.865944670239719e-06,6.195513176666961e-06,6.195513176666961e-06,0.49999767668255873,0
-8.386640429979352e-06,0.0,0.9999999999648321,0.0,1.0,0.0,-0.9999999999648321,0.0,-8.386640429979352e-06,1.0678202243049597e-05,1.0678202243049597e-05,0.4999959956741588,0
-1.3283244186111086e-05,0.0,0.9999999999117777,0.0,1.0,0.0,-0.9999999999117777,0.0,-1.3283244186111086e-05,1.691275178062744e-05,1.691275178062744e-05,0.4999936577180823,0
-1.9776726314361124e-05,0.0,0.9999999998044405,0.0,1.0,0.0,-0.9999999998044405,0.0,-1.9776726314361124e-05,2.51805100104905e-05,2.51805100104905e-05,0.4999905573087461,0
-2.8085684707534482e-05,0.0,0.9999999996055972,0.0,1.0,0.0,-0.9999999996055972,0.0,-2.8085684707534482e-05,3.575980441529779e-05,3.575980441529779e-05,0.4999865900733443,0
-3.8426353099562e-05,0.0,0.9999999992617077,0.0,1.0,0.0,-0.9999999992617077,0.0,-3.8426353099562e-05,4.892595233835949e-05,4.892595233835949e-05,0.4999816527678731,0
-5.101260938927161e-05,0.0,0.9999999986988568,0.0,1.0,0.0,-0.9999999986988568,0.0,-5.101260938927161e-05,6.495127158271917e-05,6.495127158271917e-05,0.4999756432731565,0
-6.605598396377658e-05,0.0,0.9999999978183035,0.0,1.0,0.0,-0.9999999978183035,0.0,-6.605598396377658e-05,8.410509101023603e-05,8.410509101023603e-05,0.4999684605908712,0
-8.376566802135046e-05,0.0,0.9999999964916564,0.0,1.0,0.0,-0.9999999964916564,0.0,-8.376566802135046e-05,0.00010665376114066707,0.00010665376114066707,0.4999600048395722,0
-0.00010434852189363422,0.0,0.999999994555693,0.0,1.0,0.0,-0.999999994555693,0.0,-0.00010434852189363422,0.00013286066475074943,0.00013286066475074943,0.4999501772507185,0
-0.00012800908336699484,0.0,0.9999999918068373,0.0,1.0,0.0,-0.9999999918068373,0.0,-0.00012800908336699484,0.00016298622747328224,0.00016298622747328224,0.49993888016469756,0
-0.00015494957600282986,0.0,0.9999999879953144,0.0,1.0,0.0,-0.9999999879953144,0.0,-0.00015494957600282986,0.00019728792839620948,0.00019728792839620948,0.4999260170268514,0
-0.0001853699174565818,0.0,0.9999999828189967,0.0,1.0,0.0,-0.9999999828189967,0.0,-0.0001853699174565818,0.00023602031066170153,0.00023602031066170153,0.49991149238350185,0
-0.00021946772779520135,0.0,0.9999999759169579,0.0,1.0,0.0,-0.9999999759169579,0.0,-0.00021946772779520135,0.0002794349920652377,0.0002794349920652377,0.49989521187797553,0
-0.0002574383378127677,0.0,0.9999999668627506,0.0,1.0,0.0,-0.9999999668627506,0.0,-0.0002574383378127677,0.00032778067565468873,0.00032778067565468873,0.4998770822466295,0
-0.00029947479734394465,0.0,0.9999999551574219,0.0,1.0,0.0,-0.9999999551574219,0.0,-0.00029947479734394465,0.0003813031603293982,0.0003813031603293982,0.4998570113148765,0
-0.00034576788357492484,0.0,0.9999999402222836,0.0,1.0,0.0,-0.9999999402222836,0.0,-0.00034576788357492484,0.0004402453514392654,0.0004402453514392654,0.4998349079932103,0
-0.0003965061093514808,0.0,0.9999999213914496,0.0,1.0,0.0,-0.9999999213914496,0.0,-0.0003965061093514808,0.0005048472713838276,0.0005048472713838276,0.4998106822732311,0
-0.00045187573148371514,0.0,0.9999998979041564,0.0,1.0,0.0,-0.9999998979041564,0.0,-0.00045187573148371514,0.0005753460702113417,0.0005753460702113417,0.4997842452236707,0
-0.0005120607590470724,0.0,0.999999868896881,0.0,1.0,0.0,-0.999999868896881,0.0,-0.0005120607590470724,0.0006519760362178673,0.0006519760362178673,0.4997555089864183,0
-0.0005772429616791445,0.0,0.9999998333952678,0.0,1.0,0.0,-0.9999998333952678,0.0,-0.0005772429616791445,0.0007349686065463475,0.0007349686065463475,0.49972438677254516,0
-0.0006476018778717768,0.0,0.9999997903058819,0.0,1.0,0.0,-0.9999997903058819,0.0,-0.0006476018778717768,0.000824552377785693,0.000824552377785693,0.4996907928583304,0
-0.0007233148232579472,0.0,0.999999738407799,0.0,1.0,0.0,-0.999999738407799,0.0,-0.0007233148232579472,0.0009209531165698626,0.0009209531165698626,0.49965464258128633,0
-0.000804556898892874,0.0,0.9999996763440459,0.0,1.0,0.0,-0.9999996763440459,0.0,-0.000804556898892874,0.0010243937701769474,0.0010243937701769474,0.49961585233618366,0
-0.0008915009995287638,0.0,0.999999602612905,0.0,1.0,0.0,-0.999999602612905,0.0,-0.0008915009995287638,0.001135094477128249,0.001135094477128249,0.49957433957107694,0
-0.0009843178218826147,0.0,0.9999995155590954,0.0,1.0,0.0,-0.9999995155590954,0.0,-0.0009843178218826147,0.0012532725777873676,0.0012532725777873676,0.4995300227833297,0
-0.001083175872896421,0.0,0.9999994133648421,0.0,1.0,0.0,-0.9999994133648421,0.0,-0.001083175872896421,0.0013791426249592793,0.0013791426249592793,0.4994828215156403,0
-0.0011882414779891513,0.0,0.9999992940408458,0.0,1.0,0.0,-0.9999992940408458,0.0,-0.0011882414779891513,0.0015129163944894205,0.0015129163944894205,0.49943265635206646,0
-0.0012996787892998092,0.0,0.9999991554171657,0.0,1.0,0.0,-0.9999991554171657,0.0,-0.0012996787892998092,0.0016548028958627697,0.0016548028958627697,0.4993794489140515,0
-0.0014176497939208815,0.0,0.999998995134026,0.0,1.0,0.0,-0.999998995134026,0.0,-0.0014176497939208815,0.0018050083828029303,0.0018050083828029303,0.4993231218564489,0
-0.001542314322121461,0.0,0.9999988106325586,0.0,1.0,0.0,-0.9999988106325586,0.0,-0.001542314322121461,0.0019637363638712103,0.0019637363638712103,0.49926359886354826,0
-0.0016738300555593016,0.0,0.9999985991454914,0.0,1.0,0.0,-0.9999985991454914,0.0,-0.0016738300555593016,0.0021311876130657094,0.0021311876130657094,0.49920080464510036,0
-0.0018123525354810494,0.0,0.999998357687795,0.0,1.0,0.0,-0.999998357687795,0.0,-0.0018123525354810494,0.002307560180420397,0.002307560180420397,0.4991346649323423,0
-0.001958035170909875,0.0,0.9999980830472974,0.0,1.0,0.0,-0.9999980830472974,0.0,-0.001958035170909875,0.0024930494026041933,0.0024930494026041933,0.4990651064740234,0
-0.002111029246819734,0.0,0.999997771775277,0.0,1.0,0.0,-0.999997771775277,0.0,-0.002111029246819734,0.002687847913520059,0.002687847913520059,0.49899205703243,0
-0.0022714839322954174,0.0,0.999997420177045,0.0,1.0,0.0,-0.999997420177045,0.0,-0.0022714839322954174,0.0028921456549040655,0.0028921456549040655,0.498915445379411,0
-0.0024395462886776273,0.0,0.9999970243025254,0.0,1.0,0.0,-0.9999970243025254,0.0,-0.0024395462886776273,0.0031061298869244896,0.0031061298869244896,0.49883520129240333,0
-0.0026153612776922052,0.0,0.9999965799368452,0.0,1.0,0.0,-0.9999965799368452,0.0,-0.0026153612776922052,0.003329985198780891,0.003329985198780891,0.49875125555045713,0
-0.002799071769562696,0.0,0.9999960825909414,0.0,1.0,0.0,-0.9999960825909414,0.0,-0.002799071769562696,0.003563893519303188,0.003563893519303188,0.4986635399302613,0
-0.0029908185511054158,0.0,0.9999955274921956,0.0,1.0,0.0,-0.9999955274921956,0.0,-0.0029908185511054158,0.0038080341275507504,0.0038080341275507504,0.4985719872021685,0
-0.003190740333806149,0.0,0.999994909575105,0.0,1.0,0.0,-0.999994909575105,0.0,-0.003190740333806149,0.004062583663411475,0.004062583663411475,0.4984765311262207,0
-0.003398973761877629,0.0,0.9999942234719988,0.0,1.0,0.0,-0.9999942234719988,0.0,-0.003398973761877629,0.004327716138200864,0.004327716138200864,0.4983771064481747,0
-0.0036156534202969708,0.0,0.9999934635038092,0.0,1.0,0.0,-0.9999934635038092,0.0,-0.0036156534202969708,0.0046036029452611255,0.0046036029452611255,0.4982736488955271,0
-0.00384091184282212,0.0,0.9999926236709027,0.0,1.0,0.0,-0.9999926236709027,0.0,-0.00384091184282212,0.00489041287056023,0.00489041287056023,0.4981660951735399,0
-0.004074879519986563,0.0,0.9999916976439842,0.0,1.0,0.0,-0.9999916976439842,0.0,-0.004074879519986563,0.005188312103291012,0.005188312103291012,0.4980543829612659,0
-0.0043176849070713464,0.0,0.9999906787550789,0.0,1.0,0.0,-0.9999906787550789,0.0,-0.0043176849070713464,0.005497464246470248,0.005497464246470248,0.49793845090757366,0
-0.004569454432053592,0.0,0.9999895599885997,0.0,1.0,0.0,-0.9999895599885997,0.0,-0.004569454432053592,0.00581803032753773,0.00581803032753773,0.4978182386271734,0
-0.004830312503530675,0.0,0.999988333972511,0.0,1.0,0.0,-0.999988333972511,0.0,-0.004830312503530675,0.006150168808955358,0.006150168808955358,0.4976936866966417,0
-0.005100381518619159,0.0,0.9999869929695908,0.0,1.0,0.0,-0.9999869929695908,0.0,-0.005100381518619159,0.006494035598806217,0.006494035598806217,0.49756473665044765,0
-0.0053797818708277295,0.0,0.9999855288688043,0.0,1.0,0.0,-0.9999855288688043,0.0,-0.0053797818708277295,0.006849784061393662,0.006849784061393662,0.49743133097697734,0
-0.005668631957903224,0.0,0.9999839331767915,0.0,1.0,0.0,-0.9999839331767915,0.0,-0.005668631957903224,0.007217565027840399,0.007217565027840399,0.4972934131145598,0
-0.005967048189649007,0.0,0.999982197009478,0.0,1.0,0.0,-0.999982197009478,0.0,-0.005967048189649007,0.0075975268066875695,0.0075975268066875695,0.4971509274474922,0
-0.0062751449957148325,0.0,0.9999803110838147,0.0,1.0,0.0,-0.9999803110838147,0.0,-0.0062751449957148325,0.007989815194493818,0.007989815194493818,0.49700381930206483,0
-0.006593034833357452,0.0,0.9999782657096534,0.0,1.0,0.0,-0.9999782657096534,0.0,-0.006593034833357452,0.008394573486434397,0.008394573486434397,0.4968520349425871,0
-0.006920828195171177,0.0,0.9999760507817639,0.0,1.0,0.0,-0.9999760507817639,0.0,-0.006920828195171177,0.008811942486900247,0.008811942486900247,0.4966955215674124,0
-0.007258633616787605,0.0,0.9999736557719995,0.0,1.0,0.0,-0.9999736557719995,0.0,-0.007258633616787605,0.009242060520097049,0.009242060520097049,0.4965342273049636,0
-0.007606557684543856,0.0,0.9999710697216153,0.0,1.0,0.0,-0.9999710697216153,0.0,-0.007606557684543856,0.009685063440644346,0.009685063440644346,0.4963681012097584,0
-0.007964705043118518,0.0,0.999968281233748,0.0,1.0,0.0,-0.999968281233748,0.0,-0.007964705043118518,0.010141084644174597,0.010141084644174597,0.49619709325843453,0
-0.008333178403134672,0.0,0.9999652784660583,0.0,1.0,0.0,-0.9999652784660583,0.0,-0.008333178403134672,0.01061025507793228,0.01061025507793228,0.49602115434577543,0
-0.008712078548729268,0.0,0.9999620491235459,0.0,1.0,0.0,-0.9999620491235459,0.0,-0.008712078548729268,0.011092703251372946,0.011092703251372946,0.49584023628073515,0
-0.009101504345088288,0.0,0.9999585804515386,0.0,1.0,0.0,-0.9999585804515386,0.0,-0.009101504345088288,0.011588555246762338,0.011588555246762338,0.4956542917824641,0
-0.009501552745946983,0.0,0.9999548592288634,0.0,1.0,0.0,-0.9999548592288634,0.0,-0.009501552745946983,0.012097934729775451,0.012097934729775451,0.4954632744763342,0
-0.009912318801054643,0.0,0.9999508717612012,0.0,1.0,0.0,-0.9999508717612012,0.0,-0.009912318801054643,0.012620962960095601,0.012620962960095601,0.49526713888996415,0
-0.010333895663603373,0.0,0.9999466038746337,0.0,1.0,0.0,-0.9999466038746337,0.0,-0.010333895663603373,0.013157758802013546,0.013157758802013546,0.49506584044924495,0
-0.010766374597620245,0.0,0.9999420409093838,0.0,1.0,0.0,-0.9999420409093838,0.0,-0.010766374597620245,0.013708438735026526,0.013708438735026526,0.49485933547436506,0
-0.011209844985322433,0.0,0.9999371677137544,0.0,1.0,0.0,-0.9999371677137544,0.0,-0.011209844985322433,0.014273116864437378,0.014273116864437378,0.494647581175836,0
-0.011664394334434766,0.0,0.9999319686382723,0.0,1.0,0.0,-0.9999319686382723,0.0,-0.011664394334434766,0.014851904931953607,0.014851904931953607,0.49443053565051737,0
-0.01213010828546933,0.0,0.9999264275300372,0.0,1.0,0.0,-0.9999264275300372,0.0,-0.01213010828546933,0.015444912326286449,0.015444912326286449,0.4942081578776426,0
-0.012607070618966718,0.0,0.9999205277272831,0.0,1.0,0.0,-0.9999205277272831,0.0,-0.012607070618966718,0.01605224609375,0.01605224609375,0.49398040771484375,0
-0.013095363262698482,0.0,0.9999142520541539,0.0,1.0,0.0,-0.9999142520541539,0.0,-0.013095363262698482,0.016674010948860233,0.016674010948860233,0.4937472458941774,0
-0.01359506629883059,0.0,0.9999075828156972,0.0,1.0,0.0,-0.9999075828156972,0.0,-0.01359506629883059,0.017310309284934135,0.017310309284934135,0.4935086340181497,0
-0.014106257971047505,0.0,0.9999005017930805,0.0,1.0,0.0,-0.9999005017930805,0.0,-0.014106257971047505,0.017961241184688788,0.017961241184688788,0.4932645345557417,0
-0.01462901469163661,0.0,0.9998929902390314,0.0,1.0,0.0,-0.9998929902390314,0.0,-0.01462901469163661,0.0186269044308404,0.0186269044308404,0.49301491083843485,0
-0.0151634110485329,0.0,0.9998850288735066,0.0,1.0,0.0,-0.9998850288735066,0.0,-0.0151634110485329,0.01930739451670345,0.01930739451670345,0.49275972705623616,0
-0.0157095198123236,0.0,0.9998765978795915,0.0,1.0,0.0,-0.9998765978795915,0.0,-0.0157095198123236,0.020002804656789695,0.020002804656789695,0.4924989482537038,0
-0.01626741194321279,0.0,0.9998676768996335,0.0,1.0,0.0,-0.9998676768996335,0.0,-0.01626741194321279,0.020713225797407368,0.020713225797407368,0.4922325403259722,0
-0.01683715659794568,0.0,0.9998582450316126,0.0,1.0,0.0,-0.9998582450316126,0.0,-0.01683715659794568,0.021438746627260138,0.021438746627260138,0.4919604700147775,0
-0.017418821136692735,0.0,0.9998482808257501,0.0,1.0,0.0,-0.9998482808257501,0.0,-0.017418821136692735,0.02217945358804625,0.02217945358804625,0.4916827049044826,0
-0.01801247112989355,0.0,0.9998377622813587,0.0,1.0,0.0,-0.9998377622813587,0.0,-0.01801247112989355,0.022935430885057628,0.022935430885057628,0.4913992134181034,0
-0.018618170365060496,0.0,0.9998266668439373,0.0,1.0,0.0,-0.9998266668439373,0.0,-0.018618170365060496,0.023706760497778905,0.023706760497778905,0.4911099648133329,0
-0.019235980853542244,0.0,0.9998149714025102,0.0,1.0,0.0,-0.9998149714025102,0.0,-0.019235980853542244,0.024493522190486533,0.024493522190486533,0.49081492917856756,0
-0.019865962837247383,0.0,0.9998026522872147,0.0,1.0,0.0,-0.9998026522872147,0.0,-0.019865962837247383,0.025295793522847894,0.025295793522847894,0.490514077428932,0
-0.02050817479532812,0.0,0.9997896852671387,0.0,1.0,0.0,-0.9997896852671387,0.0,-0.02050817479532812,0.026113649860520297,0.026113649860520297,0.49020738130230485,0
-0.02116267345082457,0.0,0.9997760455484087,0.0,1.0,0.0,-0.9997760455484087,0.0,-0.02116267345082457,0.02694716438575018,0.02694716438575018,0.4898948133553437,0
-0.021829513777269563,0.0,0.9997617077725311,0.0,1.0,0.0,-0.9997617077725311,0.0,-0.021829513777269563,0.027796408107972074,0.027796408107972074,0.48957634695951047,0
-0.02250874900525465,0.0,0.9997466460149884,0.0,1.0,0.0,-0.9997466460149884,0.0,-0.02250874900525465,0.028661449874407757,0.028661449874407757,0.48925195629709706,0
-0.02320043062895737,0.0,0.9997308337840896,0.0,1.0,0.0,-0.9997308337840896,0.0,-0.02320043062895737,0.029542356380665304,0.029542356380665304,0.4889216163572505,0
-0.023904608412630448,0.0,0.9997142440200794,0.0,1.0,0.0,-0.9997142440200794,0.0,-0.023904608412630448,0.030439192181338223,0.030439192181338223,0.4885853029319982,0
-0.024621330397053116,0.0,0.9996968490945038,0.0,1.0,0.0,-0.9996968490945038,0.0,-0.024621330397053116,0.03135201970060447,0.03135201970060447,0.4882429926122733,0
-0.02535064290594534,0.0,0.9996786208098357,0.0,1.0,0.0,-0.9996786208098357,0.0,-0.02535064290594534,0.03228089924282555,0.03228089924282555,0.48789466278394045,0
-0.02609259055234532,0.0,0.9996595303993594,0.0,1.0,0.0,-0.9996595303993594,0.0,-0.02609259055234532,0.03322588900314561,0.03322588900314561,0.4875402916238204,0
-0.02684721624495103,0.0,0.9996395485273163,0.0,1.0,0.0,-0.9996395485273163,0.0,-0.02684721624495103,0.034187045078090554,0.034187045078090554,0.487179858095716,0
-0.027614561194426183,0.0,0.999618645289312,0.0,1.0,0.0,-0.999618645289312,0.0,-0.027614561194426183,0.03516442147616703,0.03516442147616703,0.48681334194643733,0
-0.02839466491967172,0.0,0.9995967902129836,0.0,1.0,0.0,-0.9995967902129836,0.0,-0.02839466491967172,0.036158070128461596,0.036158070128461596,0.4864407237018269,0
-0.029187565254063273,0.0,0.9995739522589311,0.0,1.0,0.0,-0.9995739522589311,0.0,-0.029187565254063273,0.03716804089923982,0.03716804089923982,0.48606198466278505,0
-0.02999329835165538,0.0,0.9995500998219091,0.0,1.0,0.0,-0.9995500998219091,0.0,-0.02999329835165538,0.03819438159654527,0.03819438159654527,0.4856771069012955,0
-0.0308118986933536,0.0,0.9995252007322829,0.0,1.0,0.0,-0.9995252007322829,0.0,-0.0308118986933536,0.03923713798279865,0.03923713798279865,0.48528607325645046,0
-0.031643399093055136,0.0,0.9994992222577452,0.0,1.0,0.0,-0.9994992222577452,0.0,-0.031643399093055136,0.04029635378539691,0.04029635378539691,0.4848888673304762,0
-0.032487830703759,0.0,0.999472131105297,0.0,1.0,0.0,-0.999472131105297,0.0,-0.032487830703759,0.04137207070731229,0.04137207070731229,0.4844854734847579,0
-0.03334522302364666,0.0,0.9994438934234894,0.0,1.0,0.0,-0.9994438934234894,0.0,-0.03334522302364666,0.04246432843769134,0.04246432843769134,0.4840758768358658,0
-0.03421560390213454,0.0,0.9994144748049291,0.0,1.0,0.0,-0.9994144748049291,0.0,-0.03421560390213454,0.043573164662454186,0.043573164662454186,0.4836600632515797,0
-0.03509899954589871,0.0,0.9993838402890438,0.0,1.0,0.0,-0.9993838402890438,0.0,-0.03509899954589871,0.04469861507489341,0.04469861507489341,0.483238019346915,0
-0.03599543452487384,0.0,0.9993519543651103,0.0,1.0,0.0,-0.9993519543651103,0.0,-0.03599543452487384,0.045840713386273275,0.045840713386273275,0.4828097324801475,0
-0.03690493177822678,0.0,0.9993187809755426,0.0,1.0,0.0,-0.9993187809755426,0.0,-0.03690493177822678,0.0469994913364287,0.0469994913364287,0.4823751907488393,0
-0.03782751262030647,0.0,0.99928428351944,0.0,1.0,0.0,-0.99928428351944,0.0,-0.03782751262030647,0.048174978704364484,0.048174978704364484,0.48193438298586333,0
-0.0387631967465712,0.0,0.9992484248563951,0.0,1.0,0.0,-0.9992484248563951,0.0,-0.0387631967465712,0.049367203318854136,0.049367203318854136,0.4814872987554297,0
-0.03971200223949483,0.0,0.9992111673105593,0.0,1.0,0.0,-0.9992111673105593,0.0,-0.03971200223949483,0.050576191069039315,0.050576191069039315,0.48103392834911024,0
-0.040673945574452745,0.0,0.9991724726749663,0.0,1.0,0.0,-0.9991724726749663,0.0,-0.040673945574452745,0.051801965915028586,0.051801965915028586,0.48057426278186427,0
-0.041649041625589606,0.0,0.9991323022161128,0.0,1.0,0.0,-0.9991323022161128,0.0,-0.041649041625589606,0.053044549898496635,0.053044549898496635,0.4801082937880638,0
-0.04263730367166999,0.0,0.9990906166787924,0.0,1.0,0.0,-0.9990906166787924,0.0,-0.04263730367166999,0.05430396315328346,0.05430396315328346,0.4796360138175187,0
-0.04363874340191313,0.0,0.9990473762911857,0.0,1.0,0.0,-0.9990473762911857,0.0,-0.04363874340191313,0.05558022391599318,0.05558022391599318,0.4791574160315026,0
-0.04465337092181405,0.0,0.9990025407702019,0.0,1.0,0.0,-0.9990025407702019,0.0,-0.04465337092181405,0.05687334853659343,0.05687334853659343,0.47867249429877745,0
-0.04568119475895173,0.0,0.9989560693270724,0.0,1.0,0.0,-0.9989560693270724,0.0,-0.04568119475895173,0.05818335148901421,0.05818335148901421,0.4781812431916197,0
-0.046722221868786495,0.0,0.9989079206731939,0.0,1.0,0.0,-0.9989079206731939,0.0,-0.046722221868786495,0.05951024538174711,0.05951024538174711,0.47768365798184487,0
-0.04777645764044812,0.0,0.9988580530262198,0.0,1.0,0.0,-0.9988580530262198,0.0,-0.04777645764044812,0.06085404096844422,0.06085404096844422,0.4771797346368334,0
-0.04884390590251625,0.0,0.9988064241163981,0.0,1.0,0.0,-0.9988064241163981,0.0,-0.04884390590251625,0.06221474715851744,0.06221474715851744,0.4766694698155559,0
-0.0499245689287948,0.0,0.9987529911931549,0.0,1.0,0.0,-0.9987529911931549,0.0,-0.0499245689287948,0.06359237102773738,0.06359237102773738,0.47615286086459846,0
-0.05101844744408233,0.0,0.9986977110319195,0.0,1.0,0.0,-0.9986977110319195,0.0,-0.05101844744408233,0.06498691782883262,0.06498691782883262,0.4756299058141878,0
-0.052125540629939536,0.0,0.9986405399411925,0.0,1.0,0.0,-0.9986405399411925,0.0,-0.052125540629939536,0.06639839100208847,0.06639839100208847,0.47510060337421683,0
-0.05324584613045673,0.0,0.9985814337698512,0.0,1.0,0.0,-0.9985814337698512,0.0,-0.05324584613045673,0.06782679218594645,0.06782679218594645,0.47456495293027007,0
-0.05437936005802195,0.0,0.9985203479146932,0.0,1.0,0.0,-0.9985203479146932,0.0,-0.05437936005802195,0.06927212122760314,0.06927212122760314,0.4740229545396488,0
-0.05552607699909234,0.0,0.9984572373282147,0.0,1.0,0.0,-0.9984572373282147,0.0,-0.05552607699909234,0.07073437619360928,0.07073437619360928,0.47347460892739657,0
-0.05668599001997044,0.0,0.9983920565266211,0.0,1.0,0.0,-0.9983920565266211,0.0,-0.05668599001997044,0.07221355338046886,0.07221355338046886,0.4729199174823242,0
-0.0578590906725874,0.0,0.9983247595980685,0.0,1.0,0.0,-0.9983247595980685,0.0,-0.0578590906725874,0.07370964732523831,0.07370964732523831,0.47235888225303563,0
-0.05904536900029477,0.0,0.9982553002111328,0.0,1.0,0.0,-0.9982553002111328,0.0,-0.05904536900029477,0.07522265081612542,0.07522265081612542,0.47179150594395297,0
-0.06024481354366728,0.0,0.9981836316235048,0.0,1.0,0.0,-0.9981836316235048,0.0,-0.06024481354366728,0.07675255490308845,0.07675255490308845,0.47121779191134183,0
-0.06145741134631839,0.0,0.9981097066909075,0.0,1.0,0.0,-0.9981097066909075,0.0,-0.06145741134631839,0.07829934890843548,0.07829934890843548,0.4706377441593367,0
-0.06268314796073016,0.0,0.998033477876235,0.0,1.0,0.0,-0.998033477876235,0.0,-0.06268314796073016,0.07986302043742295,0.07986302043742295,0.47005136733596636,0
-0.06392200745410077,0.0,0.9979548972589082,0.0,1.0,0.0,-0.9979548972589082,0.0,-0.06392200745410077,0.08144355538885535,0.08144355538885535,0.46945866672917924,0
-0.06517397241420998,0.0,0.9978739165444459,0.0,1.0,0.0,-0.9978739165444459,0.0,-0.06517397241420998,0.0830409379656838,0.0830409379656838,0.4688596482628686,0
-0.06643902395530636,0.0,0.9977904870742486,0.0,1.0,0.0,-0.9977904870742486,0.0,-0.06643902395530636,0.0846551506856056,0.0846551506856056,0.4682543184928979,0
-0.06771714172401663,0.0,0.9977045598355905,0.0,1.0,0.0,-0.9977045598355905,0.0,-0.06771714172401663,0.08628617439166268,0.08628617439166268,0.4676426846031265,0
-0.06900830390528143,0.0,0.9976160854718193,0.0,1.0,0.0,-0.9976160854718193,0.0,-0.06900830390528143,0.08793398826284149,0.08793398826284149,0.4670247544014344,0
-0.07031248722831684,0.0,0.9975250142927584,0.0,1.0,0.0,-0.9975250142927584,0.0,-0.07031248722831684,0.08959856982467129,0.08959856982467129,0.4664005363157483,0
-0.0716296669726067,0.0,0.9974312962853098,0.0,1.0,0.0,-0.9974312962853098,0.0,-0.0716296669726067,0.0912798949598239,0.0912798949598239,0.465770039390066,0
-0.0729598169739254,0.0,0.9973348811242547,0.0,1.0,0.0,-0.9973348811242547,0.0,-0.0729598169739254,0.09297793791871226,0.09297793791871226,0.46513327328048293,0
-0.0743029096303951,0.0,0.9972357181832474,0.0,1.0,0.0,-0.9972357181832474,0.0,-0.0743029096303951,0.09469267133008985,0.09469267133008985,0.4644902482512163,0
-0.07565891590857844,0.0,0.9971337565460006,0.0,1.0,0.0,-0.9971337565460006,0.0,-0.07565891590857844,0.09642406621164956,0.09642406621164956,0.4638409751706314,0
-0.0770278053496095,0.0,0.9970289450176573,0.0,1.0,0.0,-0.9970289450176573,0.0,-0.0770278053496095,0.09817209198062296,0.09817209198062296,0.4631854655072664,0
-0.07840954607536477,0.0,0.9969212321363485,0.0,1.0,0.0,-0.9969212321363485,0.0,-0.07840954607536477,0.09993671646437921,0.09993671646437921,0.46252373132585783,0
-0.07980410479467685,0.0,0.9968105661849298,0.0,1.0,0.0,-0.9968105661849298,0.0,-0.07980410479467685,0.10171790591102431,0.10171790591102431,0.4618557852833659,0
-0.08121144680959243,0.0,0.9966968952028961,0.0,1.0,0.0,-0.9966968952028961,0.0,-0.08121144680959243,0.103515625,0.103515625,0.461181640625,0
-0.08263153602167715,0.0,0.99658016699847,0.0,1.0,0.0,-0.99658016699847,0.0,-0.08263153602167715,0.10532983685268299,0.10532983685268299,0.4605013111802439,0
-0.08406433493836953,0.0,0.9964603291608601,0.0,1.0,0.0,-0.9964603291608601,0.0,-0.08406433493836953,0.1071605030429839,0.1071605030429839,0.4598148113588811,0
-0.08550980467938604,0.0,0.9963373290726857,0.0,1.0,0.0,-0.9963373290726857,0.0,-0.08550980467938604,0.10900758360794657,0.10900758360794657,0.45912215614702,0
-0.08696790498317929,0.0,0.9962111139225645,0.0,1.0,0.0,-0.9962111139225645,0.0,-0.08696790498317929,0.11087103705834693,0.11087103705834693,0.45842336110311993,0
-0.08843859421345192,0.0,0.9960816307178586,0.0,1.0,0.0,-0.9960816307178586,0.0,-0.08843859421345192,0.11275082038929216,0.11275082038929216,0.45771844235401543,0
-0.08992182936572818,0.0,0.9959488262975769,0.0,1.0,0.0,-0.9959488262975769,0.0,-0.08992182936572818,0.11464688909081971,0.11464688909081971,0.45700741659094263,0
-0.0914175660739852,0.0,0.9958126473454274,0.0,1.0,0.0,-0.9958126473454274,0.0,-0.0914175660739852,0.11655919715849657,0.11655919715849657,0.4562903010655638,0
-0.09292575861734623,0.0,0.9956730404030184,0.0,1.0,0.0,-0.9956730404030184,0.0,-0.09292575861734623,0.118487697104018,0.118487697104018,0.4555671135859933,0
-0.09444635992683834,0.0,0.9955299518832018,0.0,1.0,0.0,-0.9955299518832018,0.0,-0.09444635992683834,0.12043233996580706,0.12043233996580706,0.45483787251282237,0
-0.09597932159221596,0.0,0.995383328083557,0.0,1.0,0.0,-0.995383328083557,0.0,-0.09597932159221596,0.12239307531961346,0.12239307531961346,0.45410259675514497,0
-0.09752459386885261,0.0,0.9952331152000095,0.0,1.0,0.0,-0.9952331152000095,0.0,-0.09752459386885261,0.12436985128911232,0.12436985128911232,0.4533613057665829,0
-0.09908212568470402,0.0,0.9950792593405816,0.0,1.0,0.0,-0.9950792593405816,0.0,-0.09908212568470402,0.12636261455650402,0.12636261455650402,0.45261401954131103,0
-0.10065186464734263,0.0,0.9949217065392698,0.0,1.0,0.0,-0.9949217065392698,0.0,-0.10065186464734263,0.12837131037311258,0.12837131037311258,0.4518607586100828,0
-0.10223375705106733,0.0,0.9947604027700456,0.0,1.0,0.0,-0.9947604027700456,0.0,-0.10223375705106733,0.1303958825699851,0.1303958825699851,0.4511015440362556,0
-0.10382774788408959,0.0,0.9945952939609748,0.0,1.0,0.0,-0.9945952939609748,0.0,-0.10382774788408959,0.13243627356849066,0.13243627356849066,0.450336397411816,0
-0.10543378083579842,0.0,0.9944263260084524,0.0,1.0,0.0,-0.9944263260084524,0.0,-0.10543378083579842,0.13449242439091952,0.13449242439091952,0.44956534085340516,0
-0.10705179830410576,0.0,0.9942534447915466,0.0,1.0,0.0,-0.9942534447915466,0.0,-0.10705179830410576,0.13656427467108226,0.13656427467108226,0.44878839699834416,0
-0.10868174140287427,0.0,0.9940765961864502,0.0,1.0,0.0,-0.9940765961864502,0.0,-0.10868174140287427,0.13865176266490856,0.13865176266490856,0.4480055890006593,0
-0.11032354996943038,0.0,0.9938957260810324,0.0,1.0,0.0,-0.9938957260810324,0.0,-0.11032354996943038,0.14075482526104685,0.14075482526104685,0.4472169405271074,0
-0.11197716257216248,0.0,0.9937107803894891,0.0,1.0,0.0,-0.9937107803894891,0.0,-0.11197716257216248,0.14287339799146256,0.14287339799146256,0.44642247575320154,0
-0.11364251651820906,0.0,0.9935217050670854,0.0,1.0,0.0,-0.9935217050670854,0.0,-0.11364251651820906,0.14500741504203815,0.14500741504203815,0.4456222193592357,0
-0.11531954786123538,0.0,0.9933284461249865,0.0,1.0,0.0,-0.9933284461249865,0.0,-0.11531954786123538,0.14715680926317143,0.14715680926317143,0.4448161965263107,0
-0.11700819140930323,0.0,0.9931309496451733,0.0,1.0,0.0,-0.9931309496451733,0.0,-0.11700819140930323,0.149321512180375,0.149321512180375,0.44400443293235936,0
-0.11870838073283388,0.0,0.9929291617954368,0.0,1.0,0.0,-0.9929291617954368,0.0,-0.11870838073283388,0.15150145400487525,0.15150145400487525,0.44318695474817177,0
-0.12042004817266688,0.0,0.992723028844447,0.0,1.0,0.0,-0.992723028844447,0.0,-0.12042004817266688,0.15369656364421166,0.15369656364421166,0.44236378863342063,0
-0.12214312484821538,0.0,0.9925124971768936,0.0,1.0,0.0,-0.9925124971768936,0.0,-0.12214312484821538,0.15590676871283526,0.15590676871283526,0.4415349617326868,0
-0.12387754066572129,0.0,0.9922975133086914,0.0,1.0,0.0,-0.9922975133086914,0.0,-0.12387754066572129,0.1581319955427085,0.1581319955427085,0.4407005016714843,0
-0.12562322432661013,0.0,0.9920780239022464,0.0,1.0,0.0,-0.9920780239022464,0.0,-0.12562322432661013,0.16037216919390382,0.16037216919390382,0.43986043655228607,0
-0.12738010333594818,0.0,0.9918539757817797,0.0,1.0,0.0,-0.9918539757817797,0.0,-0.12738010333594818,0.16262721346520295,0.16262721346520295,0.4390147949505489,0
-0.1291481040110034,0.0,0.991625315948702,0.0,1.0,0.0,-0.991625315948702,0.0,-0.1291481040110034,0.1648970509046959,0.1648970509046959,0.43816360591073905,0
-0.1309271514899111,0.0,0.9913919915970362,0.0,1.0,0.0,-0.9913919915970362,0.0,-0.1309271514899111,0.1671816028203799,0.1671816028203799,0.4373068989423576,0
-0.1327171697404467,0.0,0.9911539501288815,0.0,1.0,0.0,-0.9911539501288815,0.0,-0.1327171697404467,0.1694807892907588,0.1694807892907588,0.4364447040159654,0
-0.1345180815689059,0.0,0.9909111391699162,0.0,1.0,0.0,-0.9909111391699162,0.0,-0.1345180815689059,0.171794529175442,0.171794529175442,0.4355770515592092,0
-0.13632980862909463,0.0,0.9906635065849324,0.0,1.0,0.0,-0.9906635065849324,0.0,-0.13632980862909463,0.1741227401257435,0.1741227401257435,0.4347039724528462,0
-0.1381522714314291,0.0,0.9904110004933996,0.0,1.0,0.0,-0.9904110004933996,0.0,-0.1381522714314291,0.1764653385952809,0.1764653385952809,0.4338254980267697,0
-0.13998538935214852,0.0,0.9901535692850516,0.0,1.0,0.0,-0.9901535692850516,0.0,-0.13998538935214852,0.17882223985057485,0.17882223985057485,0.4329416600560344,0
-0.14182908064264008,0.0,0.9898911616354918,0.0,1.0,0.0,-0.9898911616354918,0.0,-0.14182908064264008,0.18119335798164768,0.18119335798164768,0.4320524907568821,0
-0.14368326243887863,0.0,0.9896237265218131,0.0,1.0,0.0,-0.9896237265218131,0.0,-0.14368326243887863,0.18357860591262265,0.18357860591262265,0.4311580227827665,0
-0.14554785077098184,0.0,0.9893512132382252,0.0,1.0,0.0,-0.9893512132382252,0.0,-0.14554785077098184,0.18597789541232324,0.18597789541232324,0.4302582892203788,0
-0.1474227605728812,0.0,0.9890735714116877,0.0,1.0,0.0,-0.9890735714116877,0.0,-0.1474227605728812,0.18839113710487182,0.18839113710487182,0.429353323585673,0
-0.14930790569211105,0.0,0.9887907510175424,0.0,1.0,0.0,-0.9887907510175424,0.0,-0.14930790569211105,0.19081824048028911,0.19081824048028911,0.42844315981989156,0
-0.1512031988997156,0.0,0.9885027023951392,0.0,1.0,0.0,-0.9885027023951392,0.0,-0.1512031988997156,0.19325911390509315,0.19325911390509315,0.42752783228559005,0
-0.15310855190027478,0.0,0.988209376263452,0.0,1.0,0.0,-0.988209376263452,0.0,-0.15310855190027478,0.19571366463289822,0.19571366463289822,0.42660737576266317,0
-0.1550238753420509,0.0,0.9879107237366807,0.0,1.0,0.0,-0.9879107237366807,0.0,-0.1550238753420509,0.19818179881501405,0.19818179881501405,0.4256818254443697,0
-0.15694907882725553,0.0,0.9876066963398313,0.0,1.0,0.0,-0.9876066963398313,0.0,-0.15694907882725553,0.2006634215110451,0.2006634215110451,0.4247512169333581,0
-0.15888407092243775,0.0,0.9872972460242729,0.0,1.0,0.0,-0.9872972460242729,0.0,-0.15888407092243775,0.20315843669948933,0.20315843669948933,0.4238155862376915,0
-0.16082875916899456,0.0,0.9869823251832637,0.0,1.0,0.0,-0.9869823251832637,0.0,-0.16082875916899456,0.2056667472883372,0.2056667472883372,0.42287496976687355,0
-0.16278305009380434,0.0,0.9866618866674429,0.0,1.0,0.0,-0.9866618866674429,0.0,-0.16278305009380434,0.2081882551256712,0.2081882551256712,0.4219294043278733,0
-0.16474684921998284,0.0,0.9863358838002845,0.0,1.0,0.0,-0.9863358838002845,0.0,-0.16474684921998284,0.21072286101026463,0.21072286101026463,0.42097892712115076,0
-0.16672006107776308,0.0,0.9860042703935044,0.0,1.0,0.0,-0.9860042703935044,0.0,-0.16672006107776308,0.2132704647021806,0.2132704647021806,0.4200235757366823,0
-0.16870258921549947,0.0,0.985667000762421,0.0,1.0,0.0,-0.985667000762421,0.0,-0.16870258921549947,0.21583096493337162,0.21583096493337162,0.41906338814998567,0
-0.17069433621079513,0.0,0.9853240297412603,0.0,1.0,0.0,-0.9853240297412603,0.0,-0.17069433621079513,0.21840425941827774,0.21840425941827774,0.4180984027181458,0
-0.17269520368175545,0.0,0.9849753126984031,0.0,1.0,0.0,-0.9849753126984031,0.0,-0.17269520368175545,0.2209902448644267,0.2209902448644267,0.41712865817583994,0
-0.17470509229836442,0.0,0.9846208055515686,0.0,1.0,0.0,-0.9846208055515686,0.0,-0.17470509229836442,0.22358881698303212,0.22358881698303212,0.41615419363136297,0
-0.17672390179398745,0.0,0.9842604647829298,0.0,1.0,0.0,-0.9842604647829298,0.0,-0.17672390179398745,0.22619987049959336,0.22619987049959336,0.4151750485626525,0
-0.17875153097699778,0.0,0.9838942474541558,0.0,1.0,0.0,-0.9838942474541558,0.0,-0.17875153097699778,0.22882329916449395,0.22882329916449395,0.41419126281331475,0
-0.18078787774252816,0.0,0.983522111221376,0.0,1.0,0.0,-0.983522111221376,0.0,-0.18078787774252816,0.2314589957636009,0.2314589957636009,0.4132028765886497,0
-0.18283283908434772,0.0,0.983144014350063,0.0,1.0,0.0,-0.983144014350063,0.0,-0.18283283908434772,0.23410685212886415,0.23410685212886415,0.4122099304516759,0
-0.18488631110686216,0.0,0.9827599157298269,0.0,1.0,0.0,-0.9827599157298269,0.0,-0.18488631110686216,0.23676675914891496,0.23676675914891496,0.4112124653191569,0
-0.18694818903723953,0.0,0.9823697748891181,0.0,1.0,0.0,-0.9823697748891181,0.0,-0.18694818903723953,0.2394386067796656,0.2394386067796656,0.41021052245762535,0
-0.18901836723765877,0.0,0.9819735520098337,0.0,1.0,0.0,-0.9819735520098337,0.0,-0.18901836723765877,0.2421222840549078,0.2421222840549078,0.4092041434794096,0
-0.1910967392176835,0.0,0.9815712079418225,0.0,1.0,0.0,-0.9815712079418225,0.0,-0.1910967392176835,0.2448176790969128,0.2448176790969128,0.4081933703386577,0
-0.19318319764675695,0.0,0.9811627042172842,0.0,1.0,0.0,-0.9811627042172842,0.0,-0.19318319764675695,0.24752467912702958,0.24752467912702958,0.4071782453273639,0
-0.19527763436682066,0.0,0.9807480030650576,0.0,1.0,0.0,-0.9807480030650576,0.0,-0.19527763436682066,0.250243170476284,0.250243170476284,0.4061588110713935,0
-0.19737994040505544,0.0,0.980327067424794,0.0,1.0,0.0,-0.980327067424794,0.0,-0.19737994040505544,0.2529730385959783,0.2529730385959783,0.40513511052650814,0
-0.19949000598674319,0.0,0.9798998609610112,0.0,1.0,0.0,-0.9798998609610112,0.0,-0.19949000598674319,0.2557141680682901,0.2557141680682901,0.4041071869743912,0
-0.20160772054824905,0.0,0.9794663480770226,0.0,1.0,0.0,-0.9794663480770226,0.0,-0.20160772054824905,0.25846644261687113,0.25846644261687113,0.4030750840186733,0
-0.20373297275012417,0.0,0.979026493928738,0.0,1.0,0.0,-0.979026493928738,0.0,-0.20373297275012417,0.26122974511744673,0.26122974511744673,0.4020388455809574,0
-0.2058656504903268,0.0,0.9785802644383313,0.0,1.0,0.0,-0.9785802644383313,0.0,-0.2058656504903268,0.2640039576084147,0.2640039576084147,0.40099851589684443,0
-0.20800564091756107,0.0,0.9781276263077711,0.0,1.0,0.0,-0.9781276263077711,0.0,-0.20800564091756107,0.26678896130144397,0.26678896130144397,0.39995413951195846,0
-0.21015283044473448,0.0,0.977668547032207,0.0,1.0,0.0,-0.977668547032207,0.0,-0.21015283044473448,0.26958463659207504,0.26958463659207504,0.39890576127797184,0
-0.21230710476252862,0.0,0.9772029949132128,0.0,1.0,0.0,-0.9772029949132128,0.0,-0.21230710476252862,0.2723908630703176,0.2723908630703176,0.3978534263486309,0
-0.21446834885308602,0.0,0.9767309390718771,0.0,1.0,0.0,-0.9767309390718771,0.0,-0.21446834885308602,0.27520751953125,0.27520751953125,0.39679718017578125,0
-0.21663644700381102,0.0,0.9762523494617388,0.0,1.0,0.0,-0.9762523494617388,0.0,-0.21663644700381102,0.2780344839856188,0.2780344839856188,0.3957370685053929,0
-0.21881128282128162,0.0,0.9757671968815641,0.0,1.0,0.0,-0.9757671968815641,0.0,-0.21881128282128162,0.28087163367043777,0.28087163367043777,0.39467313737358584,0
-0.22099273924527213,0.0,0.9752754529879603,0.0,1.0,0.0,-0.9752754529879603,0.0,-0.22099273924527213,0.28371884505958633,0.28371884505958633,0.3936054331026551,0
-0.2231806985628859,0.0,0.9747770903078212,0.0,1.0,0.0,-0.9747770903078212,0.0,-0.2231806985628859,0.28657599387440924,0.28657599387440924,0.39253400229709656,0
-0.2253750424227951,0.0,0.9742720822506018,0.0,1.0,0.0,-0.9742720822506018,0.0,-0.2253750424227951,0.28944295509431545,0.28944295509431545,0.39145889183963173,0
-0.22757565184958695,0.0,0.9737604031204162,0.0,1.0,0.0,-0.9737604031204162,0.0,-0.22757565184958695,0.29231960296737725,0.29231960296737725,0.39038014888723355,0
-0.2297824072582147,0.0,0.9732420281279575,0.0,1.0,0.0,-0.9732420281279575,0.0,-0.2297824072582147,0.29520581102092963,0.29520581102092963,0.38929782086715137,0
-0.2319951884685503,0.0,0.9727169334022318,0.0,1.0,0.0,-0.9727169334022318,0.0,-0.2319951884685503,0.2981014520721686,0.2981014520721686,0.3882119554729368,0
-0.2342138747200396,0.0,0.9721850960021068,0.0,1.0,0.0,-0.9721850960021068,0.0,-0.2342138747200396,0.3010063982387511,0.3010063982387511,0.38712260066046833,0
-0.2364383446864551,0.0,0.9716464939276677,0.0,1.0,0.0,-0.9716464939276677,0.0,-0.2364383446864551,0.30392052094939326,0.30392052094939326,0.3860298046439775,0
-0.23866847649074757,0.0,0.9711011061313778,0.0,1.0,0.0,-0.9711011061313778,0.0,-0.23866847649074757,0.3068436909544707,0.3068436909544707,0.3849336158920735,0
-0.2409041477199906,0.0,0.9705489125290414,0.0,1.0,0.0,-0.9705489125290414,0.0,-0.2409041477199906,0.3097757783366163,0.3097757783366163,0.3838340831237689,0
-0.24314523544042013,0.0,0.9699898940105627,0.0,1.0,0.0,-0.9699898940105627,0.0,-0.24314523544042013,0.31271665252131975,0.31271665252131975,0.3827312553045051,0
-0.2453916162125644,0.0,0.9694240324504987,0.0,1.0,0.0,-0.9694240324504987,0.0,-0.2453916162125644,0.3156661822875272,0.3156661822875272,0.3816251816421773,0
-0.2476431661064621,0.0,0.9688513107184029,0.0,1.0,0.0,-0.9688513107184029,0.0,-0.2476431661064621,0.3186242357782397,0.3186242357782397,0.38051591158316017,0
-0.24989976071696723,0.0,0.9682717126889552,0.0,1.0,0.0,-0.9682717126889552,0.0,-0.24989976071696723,0.3215906805111122,0.3215906805111122,0.37940349480833296,0
-0.2521612751791385,0.0,0.9676852232518748,0.0,1.0,0.0,-0.9676852232518748,0.0,-0.2521612751791385,0.32456538338905305,0.32456538338905305,0.3782879812291051,0
-0.25442758418371025,0.0,0.9670918283216134,0.0,1.0,0.0,-0.9670918283216134,0.0,-0.25442758418371025,0.32754821071082296,0.32754821071082296,0.3771694209834414,0
-0.2566985619926425,0.0,0.9664915148468244,0.0,1.0,0.0,-0.9664915148468244,0.0,-0.2566985619926425,0.33053902818163394,0.33053902818163394,0.37604786443188726,0
-0.25897408245474796,0.0,0.9658842708196057,0.0,1.0,0.0,-0.9658842708196057,0.0,-0.25897408245474796,0.33353770092374857,0.33353770092374857,0.3749233621535943,0
-0.2612540190213933,0.0,0.9652700852845122,0.0,1.0,0.0,-0.9652700852845122,0.0,-0.2612540190213933,0.33654409348707903,0.33654409348707903,0.37379596494234535,0
-0.2635382447622716,0.0,0.9646489483473358,0.0,1.0,0.0,-0.9646489483473358,0.0,-0.2635382447622716,0.33955806985978604,0.33955806985978604,0.3726657238025803,0
-0.26582663238124454,0.0,0.9640208511836488,0.0,1.0,0.0,-0.9640208511836488,0.0,-0.26582663238124454,0.34257949347887773,0.34257949347887773,0.3715326899454209,0
-0.2681190542322503,0.0,0.9633857860471078,0.0,1.0,0.0,-0.9633857860471078,0.0,-0.2681190542322503,0.34560822724081,0.34560822724081,0.3703969147846963,0
