0.0,0.0,1.0,0.0,1.0,0.0,-1.0,0.0,0.0,0.0,0.0,0.5,0
0.0,0.0,1.0,0.0,1.0,0.0,-1.0,0.0,0.0,1.2889638551019707e-07,0.0,0.4999999516638554,0
0.0,0.0,1.0,0.0,1.0,0.0,-1.0,0.0,0.0,1.0275376460422706e-06,0.0,0.4999996146733827,0
-2.7141002729462054e-06,0.0,0.9999999999963168,0.0,1.0,0.0,-0.9999999999963168,0.0,-2.7141002729462054e-06,3.455699795895851e-06,0.0,0.4999987041125766,0
-6.410679291726969e-06,0.0,0.9999999999794515,0.0,1.0,0.0,-0.9999999999794515,0.0,-6.410679291726969e-06,8.16233038289749e-06,0.0,0.4999969391261064,0
-1.247652091346181e-05,0.0,0.9999999999221683,0.0,1.0,0.0,-0.9999999999221683,0.0,-1.247652091346181e-05,1.588559980814699e-05,0.0,0.49999404290007193,0
-2.1482958769827743e-05,0.0,0.9999999997692413,0.0,1.0,0.0,-0.9999999997692413,0.0,-2.1482958769827743e-05,2.735295264576373e-05,0.0,0.4999897426427578,0
-3.399294275241831e-05,0.0,0.9999999994222399,0.0,1.0,0.0,-0.9999999994222399,0.0,-3.399294275241831e-05,4.328115896263292e-05,0.0,0.499983769565389,0
-5.056107931686462e-05,0.0,0.9999999987217886,0.0,1.0,0.0,-0.9999999987217886,0.0,-5.056107931686462e-05,6.437636563815203e-05,0.0,0.4999758588628857,0
-7.173367178494664e-05,0.0,0.9999999974271402,0.0,1.0,0.0,-0.9999999974271402,0.0,-7.173367178494664e-05,9.133414768397706e-05,0.0,0.4999657496946185,0
-9.804876064363066e-05,0.0,0.9999999951932202,0.0,1.0,0.0,-0.9999999951932202,0.0,-9.804876064363066e-05,0.00012483955956376868,0.0,0.49995318516516357,0
-0.0001300361638396727,0.0,0.9999999915452981,0.0,1.0,0.0,-0.9999999915452981,0.0,-0.0001300361638396727,0.00016556718651293897,0.0,0.49993791230505763,0
-0.00016821751706810883,0.0,0.9999999858514333,0.0,1.0,0.0,-0.9999999858514333,0.0,-0.00016821751706810883,0.00021418119585839737,0.0,0.4999196820515531,0
-0.0002131063140526193,0.0,0.9999999772928492,0.0,1.0,0.0,-0.9999999772928492,0.0,-0.0002131063140526193,0.00027133538833829684,0.0,0.4998982492293731,0
-0.00026520794681540375,0.0,0.9999999648323719,0.0,1.0,0.0,-0.9999999648323719,0.0,-0.00026520794681540375,0.00033767324942178106,0.0,0.4998733725314668,0
-0.00032501974593384476,0.0,0.999999947181081,0.0,1.0,0.0,-0.999999947181081,0.0,-0.00032501974593384476,0.0004138280006287294,0.0,0.49984481449976426,0
-0.00039303102078087736,0.0,0.9999999227633054,0.0,1.0,0.0,-0.9999999227633054,0.0,-0.00039303102078087736,0.0005004226508495045,0.0,0.49981234150593146,0
-0.00046972309974560876,0.0,0.9999998896800987,0.0,1.0,0.0,-0.9999998896800987,0.0,-0.00046972309974560876,0.0005980700476646981,0.0,0.49977572373212575,0
-0.000555569370430372,0.0,0.9999998456713254,0.0,1.0,0.0,-0.9999998456713254,0.0,-0.000555569370430372,0.0007073729286648772,0.0,0.4997347351517507,0
-0.0006510353198200314,0.0,0.9999997880764837,0.0,1.0,0.0,-0.9999997880764837,0.0,-0.0006510353198200314,0.0008289239727703297,0.0,0.4996891535102111,0
-0.0007565785744190038,0.0,0.9999997137943895,0.0,1.0,0.0,-0.9999997137943895,0.0,-0.0007565785744190038,0.0009633058515508125,0.0,0.49963876030566845,0
-0.0008726489403511103,0.0,0.999999619241841,0.0,1.0,0.0,-0.999999619241841,0.0,-0.0008726489403511103,0.001111091280545297,0.0,0.4995833407697955,0
-0.0009996884434170354,0.0,0.9999995003113832,0.0,1.0,0.0,-0.9999995003113832,0.0,-0.0009996884434170354,0.0012728430705817146,0.0,0.4995226838485318,0
-0.001138131369103856,0.0,0.9999993523282836,0.0,1.0,0.0,-0.9999993523282836,0.0,-0.001138131369103856,0.0014491141790967039,0.0,0.4994565821828388,0
-0.0012884043025407847,0.0,0.9999991700068321,0.0,1.0,0.0,-0.9999991700068321,0.0,-0.0012884043025407847,0.0016404477614553568,0.0,0.4993848320894543,0
-0.0014509261683949887,0.0,0.999998947406073,0.0,1.0,0.0,-0.999998947406073,0.0,-0.0014509261683949887,0.0018473772222709637,0.0,0.49930723354164835,0
-0.001626108270701079,0.0,0.999998677885072,0.0,1.0,0.0,-0.999998677885072,0.0,-0.001626108270701079,0.0020704262667247636,0.0,0.49922359014997825,0
-0.0018143543326175934,0.0,0.9999983540578233,0.0,1.0,0.0,-0.9999983540578233,0.0,-0.0018143543326175934,0.002310108951885686,0.0,0.4991337091430429,0
-0.002016060536103597,0.0,0.9999979677478924,0.0,1.0,0.0,-0.9999979677478924,0.0,-0.002016060536103597,0.002566929738030098,0.0,0.4990374013482387,0
-0.0022316155615083014,0.0,0.9999975099428926,0.0,1.0,0.0,-0.9999975099428926,0.0,-0.0022316155615083014,0.0028413835399615523,0.0,0.49893448117251443,0
-0.002461400627066415,0.0,0.9999969707488884,0.0,1.0,0.0,-0.9999969707488884,0.0,-0.002461400627066415,0.003133955778330535,0.0,0.4988247665831261,0
-0.002705789528291794,0.0,0.9999963393448141,0.0,1.0,0.0,-0.9999963393448141,0.0,-0.002705789528291794,0.0034451224309542056,0.0,0.4987080790883922,0
-0.0029651486772618303,0.0,0.9999956039369982,0.0,1.0,0.0,-0.9999956039369982,0.0,-0.0029651486772618303,0.0037753500841361527,0.0,0.49858424371844895,0
-0.003239837141784891,0.0,0.9999947517138751,0.0,1.0,0.0,-0.9999947517138751,0.0,-0.003239837141784891,0.00412509598398613,0.0,0.4984530890060052,0
-0.003530206684443075,0.0,0.9999937688009687,0.0,1.0,0.0,-0.9999937688009687,0.0,-0.003530206684443075,0.004494808087739809,0.0,0.49831444696709754,0
-0.0038366018015024705,0.0,0.9999926402162251,0.0,1.0,0.0,-0.9999926402162251,0.0,-0.0038366018015024705,0.004884925115078526,0.0,0.49816815308184553,0
-0.0041593597616830895,0.0,0.9999913498257736,0.0,1.0,0.0,-0.9999913498257736,0.0,-0.0041593597616830895,0.005295876599449027,0.0,0.49801404627520657,0
-0.00449881064478065,0.0,0.9999898803001871,0.0,1.0,0.0,-0.9999898803001871,0.0,-0.00449881064478065,0.005728082939383205,0.0,0.4978519688977313,0
-0.0048552773801324505,0.0,0.9999882130713151,0.0,1.0,0.0,-0.9999882130713151,0.0,-0.0048552773801324505,0.006181955449817869,0.0,0.49768176670631825,0
-0.005229075784919537,0.0,0.99998632828976,0.0,1.0,0.0,-0.99998632828976,0.0,-0.005229075784919537,0.0066578964134144615,0.0,0.4975032888449696,0
-0.0056205146022975955,0.0,0.9999842047830583,0.0,1.0,0.0,-0.9999842047830583,0.0,-0.0056205146022975955,0.00715629913187883,0.0,0.49731638782554544,0
-0.006029895539348979,0.0,0.9999818200146363,0.0,1.0,0.0,-0.9999818200146363,0.0,-0.006029895539348979,0.007677547977280959,0.0,0.49712091950851967,0
-0.00645751330484853,0.0,0.9999791500435985,0.0,1.0,0.0,-0.9999791500435985,0.0,-0.00645751330484853,0.00822201844337472,0.0,0.4969167430837345,0
-0.006903655646835932,0.0,0.9999761694854082,0.0,1.0,0.0,-0.9999761694854082,0.0,-0.006903655646835932,0.008790077196917616,0.0,0.4967037210511559,0
-0.007368603389987626,0.0,0.9999728514735193,0.0,1.0,0.0,-0.9999728514735193,0.0,-0.007368603389987626,0.009382082128990532,0.0,0.4964817192016286,0
-0.007852630472781447,0.0,0.9999691676220112,0.0,1.0,0.0,-0.9999691676220112,0.0,-0.007852630472781447,0.00999838240631748,0.0,0.496250606597631,0
-0.008356003984447441,0.0,0.9999650879892817,0.0,1.0,0.0,-0.9999650879892817,0.0,-0.008356003984447441,0.010639318522585338,0.0,0.4960102555540305,0
-0.0088789842016986,0.0,0.9999605810428459,0.0,1.0,0.0,-0.9999605810428459,0.0,-0.0088789842016986,0.01130522234976361,0.0,0.49576054161883865,0
-0.009421824625235529,0.0,0.9999556136252905,0.0,1.0,0.0,-0.9999556136252905,0.0,-0.009421824625235529,0.011996417189424166,0.0,0.49550134355396597,0
-0.009984772016019343,0.0,0.9999501509214287,0.0,1.0,0.0,-0.9999501509214287,0.0,-0.009984772016019343,0.012713217824060975,0.0,0.4952325433159771,0
-0.010568066431307581,0.0,0.9999441564266994,0.0,1.0,0.0,-0.9999441564266994,0.0,-0.010568066431307581,0.013455930568409874,0.0,0.4949540260368463,0
-0.01117194126044805,0.0,0.9999375919168522,0.0,1.0,0.0,-0.9999375919168522,0.0,-0.01117194126044805,0.014224853320768312,0.0,0.4946656800047119,0
-0.011796623260426135,0.0,0.9999304174189579,0.0,1.0,0.0,-0.9999304174189579,0.0,-0.011796623260426135,0.01502027561431506,0.0,0.49436739664463186,0
-0.012442332591161431,0.0,0.999922591183783,0.0,1.0,0.0,-0.999922591183783,0.0,-0.012442332591161431,0.015842478668430013,0.0,0.4940590704993387,0
-0.013109282850549898,0.0,0.9999140696595604,0.0,1.0,0.0,-0.9999140696595604,0.0,-0.013109282850549898,0.01669173544001392,0.0,0.4937405992099948,0
-0.01379768110924823,0.0,0.9999048074671946,0.0,1.0,0.0,-0.9999048074671946,0.0,-0.01379768110924823,0.017568310674808053,0.0,0.493411883496947,0
-0.014507727945197878,0.0,0.9998947573769292,0.0,1.0,0.0,-0.9998947573769292,0.0,-0.014507727945197878,0.018472460958714108,0.0,0.4930728271404822,0
-0.015239617477885964,0.0,0.9998838702865087,0.0,1.0,0.0,-0.9998838702865087,0.0,-0.015239617477885964,0.01940443476911379,0.0,0.4927233369615823,0
-0.015993537402341676,0.0,0.9998720952008612,0.0,1.0,0.0,-0.9998720952008612,0.0,-0.015993537402341676,0.02036447252618867,0.0,0.49236332280267925,0
-0.016769669022866526,0.0,0.9998593792133289,0.0,1.0,0.0,-0.9998593792133289,0.0,-0.016769669022866526,0.021352806644239896,0.0,0.49199269750841007,0
-0.017568187286497762,0.0,0.9998456674884713,0.0,1.0,0.0,-0.9998456674884713,0.0,-0.017568187286497762,0.022369661583007915,0.0,0.491611376906372,0
-0.018389260816204747,0.0,0.9998309032464607,0.0,1.0,0.0,-0.9998309032464607,0.0,-0.018389260816204747,0.02341525389899226,0.0,0.49121927978787794,0
-0.019233051943818393,0.0,0.9998150277490964,0.0,1.0,0.0,-0.9998150277490964,0.0,-0.019233051943818393,0.02448979229677125,0.0,0.49081632788871077,0
-0.02009971674269478,0.0,0.9997979802874496,0.0,1.0,0.0,-0.9997979802874496,0.0,-0.02009971674269478,0.025593477680321823,0.0,0.4904024458698793,0
-0.020989405060113948,0.0,0.9997796981711633,0.0,1.0,0.0,-0.9997796981711633,0.0,-0.020989405060113948,0.026726503204339128,0.0,0.48997756129837283,0
-0.021902260549416387,0.0,0.9997601167194186,0.0,1.0,0.0,-0.9997601167194186,0.0,-0.021902260549416387,0.027889054325556464,0.0,0.48954160462791635,0
-0.02283842070187926,0.0,0.9997391692535829,0.0,1.0,0.0,-0.9997391692535829,0.0,-0.02283842070187926,0.02908130885406487,0.0,0.48909450917972563,0
-0.023798016878335857,0.0,0.9997167870915534,0.0,1.0,0.0,-0.9997167870915534,0.0,-0.023798016878335857,0.03030343700463294,0.0,0.48863621112326266,0
-0.02478117434054196,0.0,0.9996928995438067,0.0,1.0,0.0,-0.9996928995438067,0.0,-0.02478117434054196,0.03155560144802658,0.0,0.48816664945699,0
-0.02578801228229335,0.0,0.9996674339111624,0.0,1.0,0.0,-0.9996674339111624,0.0,-0.02578801228229335,0.03283795736232872,0.0,0.4876857659891267,0
-0.02681864386029949,0.0,0.9996403154842718,0.0,1.0,0.0,-0.9996403154842718,0.0,-0.02681864386029949,0.034150652484259046,0.0,0.48719350531840283,0
-0.027873176224819038,0.0,0.9996114675448358,0.0,1.0,0.0,-0.9996114675448358,0.0,-0.027873176224819038,0.03549382716049382,0.0,0.48668981481481477,0
-0.028951710550063087,0.0,0.9995808113685584,0.0,1.0,0.0,-0.9995808113685584,0.0,-0.028951710550063087,0.036867614398985595,0.0,0.4861746446003804,0
-0.030054342064372973,0.0,0.9995482662298393,0.0,1.0,0.0,-0.9995482662298393,0.0,-0.030054342064372973,0.038272139920282826,0.0,0.485647947529894,0
-0.031181160080180337,0.0,0.999513749408208,0.0,1.0,0.0,-0.999513749408208,0.0,-0.031181160080180337,0.03970752220884991,0.0,0.4851096791716813,0
-0.03233224802375664,0.0,0.9994771761965003,0.0,1.0,0.0,-0.9994771761965003,0.0,-0.03233224802375664,0.041173872564386635,0.0,0.484559797788355,0
-0.03350768346476148,0.0,0.9994384599107767,0.0,1.0,0.0,-0.9994384599107767,0.0,-0.03350768346476148,0.0426712951531481,0.0,0.4839982643175695,0
-0.03470753814559821,0.0,0.9993975119019818,0.0,1.0,0.0,-0.9993975119019818,0.0,-0.03470753814559821,0.04419988705926438,0.0,0.4834250423527759,0
-0.03593187801058695,0.0,0.9993542415693407,0.0,1.0,0.0,-0.9993542415693407,0.0,-0.03593187801058695,0.04575973833606037,0.0,0.4828400981239773,0
-0.037180763234964935,0.0,0.9993085563754898,0.0,1.0,0.0,-0.9993085563754898,0.0,-0.037180763234964935,0.047350932057375374,0.0,0.48224340047848424,0
-0.03845424825372539,0.0,0.9992603618633338,0.0,1.0,0.0,-0.9992603618633338,0.0,-0.03845424825372539,0.048973544368883015,0.0,0.48163492086166887,0
-0.039752381790305984,0.0,0.9992095616746257,0.0,1.0,0.0,-0.9992095616746257,0.0,-0.039752381790305984,0.05062764453941091,0.0,0.4810146332977209,0
-0.041075206885138896,0.0,0.9991560575702592,0.0,1.0,0.0,-0.9991560575702592,0.0,-0.041075206885138896,0.052313295012260314,0.0,0.48038251437040236,0
-0.0424227609240753,0.0,0.999099749452265,0.0,1.0,0.0,-0.999099749452265,0.0,-0.0424227609240753,0.05403055145652614,0.0,0.4797385432038027,0
-0.04379507566669645,0.0,0.9990405353875028,0.0,1.0,0.0,-0.9990405353875028,0.0,-0.04379507566669645,0.055779462818416385,0.0,0.47908270144309384,0
-0.04519217727452583,0.0,0.9989783116330343,0.0,1.0,0.0,-0.9989783116330343,0.0,-0.04519217727452583,0.05756007137257208,0.0,0.4784149732352854,0
-0.04661408633915563,0.0,0.9989129726631674,0.0,1.0,0.0,-0.9989129726631674,0.0,-0.04661408633915563,0.05937241277338699,0.0,0.47773534520997984,0
-0.048060817910302304,0.0,0.9988444111981569,0.0,1.0,0.0,-0.9988444111981569,0.0,-0.048060817910302304,0.06121651610632735,0.0,0.47704380646012723,0
-0.04953238152380612,0.0,0.9987725182345478,0.0,1.0,0.0,-0.9987725182345478,0.0,-0.04953238152380612,0.06309240393925157,0.0,0.4763403485227807,0
-0.05102878122959011,0.0,0.9986971830771441,0.0,1.0,0.0,-0.9986971830771441,0.0,-0.05102878122959011,0.06500009237373008,0.0,0.4756249653598512,0
-0.05255001561959414,0.0,0.9986182933725881,0.0,1.0,0.0,-0.9986182933725881,0.0,-0.05255001561959414,0.06693959109636503,0.0,0.4748976533388631,0
-0.054096077855700184,0.0,0.9985357351445315,0.0,1.0,0.0,-0.9985357351445315,0.0,-0.054096077855700184,0.0689109034301099,0.0,0.47415841121370883,0
-0.0556669556976661,0.0,0.9984493928303798,0.0,1.0,0.0,-0.9984493928303798,0.0,-0.0556669556976661,0.07091402638558957,0.0,0.4734072401054039,0
-0.057262631531083685,0.0,0.99835914931959,0.0,1.0,0.0,-0.99835914931959,0.0,-0.057262631531083685,0.07294895071241973,0.0,0.4726441434828426,0
-0.058883082395379586,0.0,0.9982648859935017,0.0,1.0,0.0,-0.9982648859935017,0.0,-0.058883082395379586,0.07501566095052677,0.0,0.47186912714355245,0
-0.06052828001187605,0.0,0.9981664827666795,0.0,1.0,0.0,-0.9981664827666795,0.0,-0.06052828001187605,0.07711413548146757,0.0,0.47108219919444966,0
-0.0621981908119296,0.0,0.9980638181297441,0.0,1.0,0.0,-0.9980638181297441,0.0,-0.0621981908119296,0.07924434657974926,0.0,0.4702833700325941,0
-0.06389277596516586,0.0,0.9979567691936686,0.0,1.0,0.0,-0.9979567691936686,0.0,-0.06389277596516586,0.08140626046414867,0.0,0.46947265232594426,0
-0.06561199140782961,0.0,0.9978452117355171,0.0,1.0,0.0,-0.9978452117355171,0.0,-0.06561199140782961,0.08359983734903259,0.0,0.4686500609941128,0
-0.06735578787126786,0.0,0.997729020245598,0.0,1.0,0.0,-0.997729020245598,0.0,-0.06735578787126786,0.08582503149567706,0.0,0.46781561318912107,0
-0.06912411091056606,0.0,0.9976080679760082,0.0,1.0,0.0,-0.9976080679760082,0.0,-0.06912411091056606,0.08808179126358738,0.0,0.4669693282761547,0
-0.0709169009333556,0.0,0.9974822269905408,0.0,1.0,0.0,-0.9974822269905408,0.0,-0.0709169009333556,0.09037005916181774,0.0,0.46611122781431835,0
-0.07273409322881301,0.0,0.9973513682159274,0.0,1.0,0.0,-0.9973513682159274,0.0,-0.07273409322881301,0.09268977190029098,0.0,0.46524133553739083,0
-0.07457561799686946,0.0,0.997215361494389,0.0,1.0,0.0,-0.997215361494389,0.0,-0.07457561799686946,0.09504086044111833,0.0,0.4643596773345806,0
-0.07644140037765094,0.0,0.9970740756374642,0.0,1.0,0.0,-0.9970740756374642,0.0,-0.07644140037765094,0.09742325004991927,0.0,0.4634662812312803,0
-0.0783313604811684,0.0,0.9969273784810854,0.0,1.0,0.0,-0.9969273784810854,0.0,-0.0783313604811684,0.09983686034714113,0.0,0.4625611773698221,0
-0.08024541341727764,0.0,0.9967751369418733,0.0,1.0,0.0,-0.9967751369418733,0.0,-0.08024541341727764,0.10228160535937877,0.0,0.46164439799023294,0
-0.08218346932592975,0.0,0.9966172170746168,0.0,1.0,0.0,-0.9966172170746168,0.0,-0.08218346932592975,0.10475739357069477,0.0,0.46071597741098946,0
-0.08414543340773016,0.0,0.9964534841309077,0.0,1.0,0.0,-0.9964534841309077,0.0,-0.08414543340773016,0.10726412797393854,0.0,0.459775952009773,0
-0.08613120595482812,0.0,0.9962838026188958,0.0,1.0,0.0,-0.9962838026188958,0.0,-0.08613120595482812,0.1098017061220664,0.0,0.45882436020422507,0
-0.08814068238215561,0.0,0.9961080363641325,0.0,1.0,0.0,-0.9961080363641325,0.0,-0.08814068238215561,0.11237002017946161,0.0,0.4578612424327019,0
-0.0901737532590346,0.0,0.9959260485714684,0.0,1.0,0.0,-0.9959260485714684,0.0,-0.0901737532590346,0.1149689569732535,0.0,0.45688664113502997,0
-0.09223030434117428,0.0,0.9957377018879693,0.0,1.0,0.0,-0.9957377018879693,0.0,-0.09223030434117428,0.11759839804463756,0.0,0.4559006007332609,0
-0.09431021660307638,0.0,0.995542858466817,0.0,1.0,0.0,-0.995542858466817,0.0,-0.09431021660307638,0.12025821970019529,0.0,0.4549031676124267,0
-0.0964133662708683,0.0,0.9953413800321573,0.0,1.0,0.0,-0.9953413800321573,0.0,-0.0964133662708683,0.12294829306321381,0.0,0.45389439010129484,0
-0.09853962485558351,0.0,0.9951331279448599,0.0,1.0,0.0,-0.9951331279448599,0.0,-0.09853962485558351,0.12566848412500542,0.0,0.452874318453123,0
-0.10068885918690887,0.0,0.9949179632691526,0.0,1.0,0.0,-0.9949179632691526,0.0,-0.10068885918690887,0.1284186537962278,0.0,0.4518430048264146,0
-0.10286093144741615,0.0,0.9946957468400928,0.0,1.0,0.0,-0.9946957468400928,0.0,-0.10286093144741615,0.13119865795820324,0.0,0.45080050326567384,0
-0.1050556992072984,0.0,0.9944663393318376,0.0,1.0,0.0,-0.9944663393318376,0.0,-0.1050556992072984,0.13400834751423885,0.0,0.44974686968216043,0
-0.1072730154596277,0.0,0.9942296013266747,0.0,1.0,0.0,-0.9942296013266747,0.0,-0.1072730154596277,0.1368475684409459,0.0,0.44868216183464527,0
-0.1095127286561537,0.0,0.9939853933847739,0.0,1.0,0.0,-0.9939853933847739,0.0,-0.1095127286561537,0.13971616183955984,0.0,0.4476064393101651,0
-0.1117746827436599,0.0,0.9937335761146214,0.0,1.0,0.0,-0.9937335761146214,0.0,-0.1117746827436599,0.1426139639872601,0.0,0.44651976350477746,0
-0.11405871720089499,0.0,0.9934740102440961,0.0,1.0,0.0,-0.9934740102440961,0.0,-0.11405871720089499,0.1455408063884895,0.0,0.4454221976043164,0
-0.11636466707609688,0.0,0.9932065566921461,0.0,1.0,0.0,-0.9932065566921461,0.0,-0.11636466707609688,0.14849651582627424,0.0,0.4443138065651472,0
-0.11869236302512581,0.0,0.9929310766410284,0.0,1.0,0.0,-0.9929310766410284,0.0,-0.11869236302512581,0.15148091441354375,0.0,0.4431946570949211,0
-0.12104163135022171,0.0,0.9926474316090669,0.0,1.0,0.0,-0.9926474316090669,0.0,-0.12104163135022171,0.1544938196444502,0.0,0.44206481763333116,0
-0.12341229403940311,0.0,0.9923554835238891,0.0,1.0,0.0,-0.9923554835238891,0.0,-0.12341229403940311,0.15753504444568817,0.0,0.4409243583328669,0
-0.12580416880652182,0.0,0.9920550947961007,0.0,1.0,0.0,-0.9920550947961007,0.0,-0.12580416880652182,0.16060439722781472,0.0,0.4397733510395695,0
-0.1282170691319885,0.0,0.991746128393352,0.0,1.0,0.0,-0.991746128393352,0.0,-0.1282170691319885,0.16370168193656925,0.0,0.4386118692737865,0
-0.13065080430418252,0.0,0.9914284479147601,0.0,1.0,0.0,-0.9914284479147601,0.0,-0.13065080430418252,0.16682669810419248,0.0,0.43743998821092783,0
-0.13310517946156133,0.0,0.9911019176656383,0.0,1.0,0.0,-0.9911019176656383,0.0,-0.13310517946156133,0.1699792409007469,0.0,0.4362577846622199,0
-0.13557999563548118,0.0,0.9907664027324922,0.0,1.0,0.0,-0.9907664027324922,0.0,-0.13557999563548118,0.17315910118543637,0.0,0.4350653370554614,0
-0.13807504979374183,0.0,0.990421769058241,0.0,1.0,0.0,-0.990421769058241,0.0,-0.13807504979374183,0.1763660655579259,0.0,0.4338627254157778,0
-0.14059013488486735,0.0,0.9900678835176175,0.0,1.0,0.0,-0.9900678835176175,0.0,-0.14059013488486735,0.17959991640966091,0.0,0.4326500313463772,0
-0.14312503988313502,0.0,0.9897046139927059,0.0,1.0,0.0,-0.9897046139927059,0.0,-0.14312503988313502,0.18286043197518786,0.0,0.43142733800930455,0
-0.14567954983436116,0.0,0.9893318294485718,0.0,1.0,0.0,-0.9893318294485718,0.0,-0.14567954983436116,0.18614738638347325,0.0,0.4301947301061975,0
-0.14825344590245518,0.0,0.9889494000089427,0.0,1.0,0.0,-0.9889494000089427,0.0,-0.14825344590245518,0.18946054970922338,0.0,0.4289522938590412,0
-0.15084650541675151,0.0,0.9885571970318935,0.0,1.0,0.0,-0.9885571970318935,0.0,-0.15084650541675151,0.19279968802420488,0.0,0.42770011699092314,0
-0.15345850192012597,0.0,0.9881550931854932,0.0,1.0,0.0,-0.9881550931854932,0.0,-0.15345850192012597,0.19616456344856353,0.0,0.4264382887067886,0
-0.15608920521790628,0.0,0.9877429625233693,0.0,1.0,0.0,-0.9877429625233693,0.0,-0.15608920521790628,0.19955493420214437,0.0,0.4251668996741959,0
-0.15873838142758345,0.0,0.9873206805601465,0.0,1.0,0.0,-0.9873206805601465,0.0,-0.15873838142758345,0.20297055465581187,0.0,0.4238860420040706,0
-0.16140579302932867,0.0,0.9868881243467131,0.0,1.0,0.0,-0.9868881243467131,0.0,-0.16140579302932867,0.2064111753827688,0.0,0.4225958092314617,0
-0.1640911989173239,0.0,0.986445172545274,0.0,1.0,0.0,-0.986445172545274,0.0,-0.1640911989173239,0.2098765432098765,0.0,0.42129629629629634,0
-0.1667943544519093,0.0,0.9859917055041441,0.0,1.0,0.0,-0.9859917055041441,0.0,-0.1667943544519093,0.21336640126897502,0.0,0.4199875995241344,0
-0.16951501151255052,0.0,0.9855276053322403,0.0,1.0,0.0,-0.9855276053322403,0.0,-0.16951501151255052,0.21688048904820204,0.0,0.41866981660692426,0
-0.1722529185516314,0.0,0.9850527559732245,0.0,1.0,0.0,-0.9850527559732245,0.0,-0.1722529185516314,0.2204185424433128,0.0,0.4173430465837577,0
-0.17500782064907286,0.0,0.9845670432792588,0.0,1.0,0.0,-0.9845670432792588,0.0,-0.17500782064907286,0.22398029380900056,0.0,0.41600738982162483,0
-0.17777945956777902,0.0,0.9840703550843245,0.0,1.0,0.0,-0.9840703550843245,0.0,-0.17777945956777902,0.2275654720102157,0.0,0.4146629479961691,0
-0.18056757380991184,0.0,0.9835625812770644,0.0,1.0,0.0,-0.9835625812770644,0.0,-0.18056757380991184,0.23117380247348512,0.0,0.4133098240724431,0
-0.1833718986739952,0.0,0.9830436138731048,0.0,1.0,0.0,-0.9830436138731048,0.0,-0.1833718986739952,0.2348050072382331,0.0,0.41194812228566263,0
-0.18619216631284427,0.0,0.9825133470868119,0.0,1.0,0.0,-0.9825133470868119,0.0,-0.18619216631284427,0.23845880500810013,0.0,0.41057794812196247,0
-0.18902810579232107,0.0,0.9819716774024427,0.0,1.0,0.0,-0.9819716774024427,0.0,-0.18902810579232107,0.2421349112022628,0.0,0.4091994082991514,0
-0.1918794431509122,0.0,0.9814185036446459,0.0,1.0,0.0,-0.9814185036446459,0.0,-0.1918794431509122,0.245833038006754,0.0,0.4078126107474673,0
-0.19474590146012435,0.0,0.9808537270482707,0.0,1.0,0.0,-0.9808537270482707,0.0,-0.19474590146012435,0.24955289442578196,0.0,0.40641766459033174,0
-0.19762720088569447,0.0,0.9802772513274423,0.0,1.0,0.0,-0.9802772513274423,0.0,-0.19762720088569447,0.2532941863330506,0.0,0.405014680125106,0
-0.2005230587496079,0.0,0.9796889827438611,0.0,1.0,0.0,-0.9796889827438611,0.0,-0.2005230587496079,0.25705661652307943,0.0,0.4036037688038452,0
-0.20343318959291737,0.0,0.9790888301742862,0.0,1.0,0.0,-0.9790888301742862,0.0,-0.20343318959291737,0.2608398847625221,0.0,0.4021850432140542,0
-0.20635730523935833,0.0,0.9784767051771597,0.0,1.0,0.0,-0.9784767051771597,0.0,-0.20635730523935833,0.2646436878414876,0.0,0.40075861705944216,0
-0.2092951148597491,0.0,0.977852522058334,0.0,1.0,0.0,-0.977852522058334,0.0,-0.2092951148597491,0.2684677196248593,0.0,0.3993246051406778,0
-0.21224632503716842,0.0,0.9772161979358593,0.0,1.0,0.0,-0.9772161979358593,0.0,-0.21224632503716842,0.2723116711036147,0.0,0.3978831233361445,0
-0.21521063983290017,0.0,0.9765676528037951,0.0,1.0,0.0,-0.9765676528037951,0.0,-0.21521063983290017,0.27617523044614495,0.0,0.3964342885826957,0
-0.21818776085313507,0.0,0.9759068095950019,0.0,1.0,0.0,-0.9759068095950019,0.0,-0.21818776085313507,0.2800580830495754,0.0,0.39497821885640927,0
-0.22117738731641523,0.0,0.975233594242879,0.0,1.0,0.0,-0.975233594242879,0.0,-0.22117738731641523,0.2839599115910848,0.0,0.3935150331533432,0
-0.22417921612181113,0.0,0.9745479357420087,0.0,1.0,0.0,-0.9745479357420087,0.0,-0.22417921612181113,0.2878803960792245,0.0,0.39204485147029083,0
-0.22719294191781733,0.0,0.9738497662076668,0.0,1.0,0.0,-0.9738497662076668,0.0,-0.22719294191781733,0.29181921390523935,0.0,0.39056779478553527,0
-0.23021825717195096,0.0,0.9731390209341672,0.0,1.0,0.0,-0.9731390209341672,0.0,-0.23021825717195096,0.29577603989438706,0.0,0.38908398503960484,0
-0.2332548522410382,0.0,0.9724156384520003,0.0,1.0,0.0,-0.9724156384520003,0.0,-0.2332548522410382,0.2997505463572572,0.0,0.38759354511602856,0
-0.23630241544217398,0.0,0.9716795605837318,0.0,1.0,0.0,-0.9716795605837318,0.0,-0.23630241544217398,0.3037424031410917,0.0,0.38609659882209063,0
-0.23936063312433634,0.0,0.9709307324986252,0.0,1.0,0.0,-0.9709307324986252,0.0,-0.23936063312433634,0.3077512776811046,0.0,0.3845932708695857,0
-0.24242918974063749,0.0,0.9701691027659549,0.0,1.0,0.0,-0.9701691027659549,0.0,-0.24242918974063749,0.31177683505180137,0.0,0.38308368685557453,0
-0.24550776792119447,0.0,0.969394623406976,0.0,1.0,0.0,-0.969394623406976,0.0,-0.24550776792119447,0.3158187380182993,0.0,0.38156797324313774,0
-0.2485960485465977,0.0,0.9686072499455172,0.0,1.0,0.0,-0.9686072499455172,0.0,-0.2485960485465977,0.3198766470876464,0.0,0.3800462573421326,0
-0.25169371082195885,0.0,0.9678069414571648,0.0,1.0,0.0,-0.9678069414571648,0.0,-0.25169371082195885,0.32395022056014156,0.0,0.37851866728994693,0
-0.25480043235151684,0.0,0.9669936606170074,0.0,1.0,0.0,-0.9669936606170074,0.0,-0.25480043235151684,0.3280391145806546,0.0,0.37698533203225454,0
-0.2579158892137788,0.0,0.9661673737459083,0.0,1.0,0.0,-0.9661673737459083,0.0,-0.2579158892137788,0.33214298318994595,0.0,0.3754463813037703,0
-0.2610397560371739,0.0,0.9653280508552793,0.0,1.0,0.0,-0.9653280508552793,0.0,-0.2610397560371739,0.3362614783759856,0.0,0.37390194560900536,0
-0.26417170607619817,0.0,0.9644756656903225,0.0,1.0,0.0,-0.9644756656903225,0.0,-0.26417170607619817,0.3403942501252738,0.0,0.3723521562030223,0
-0.26731141128802377,0.0,0.9636101957717161,0.0,1.0,0.0,-0.9636101957717161,0.0,-0.26731141128802377,0.34454094647416034,0.0,0.37079714507218986,0
-0.2704585424095498,0.0,0.9627316224357138,0.0,1.0,0.0,-0.9627316224357138,0.0,-0.2704585424095498,0.34870121356016437,0.0,0.36923704491493836,0
-0.27361276903486836,0.0,0.9618399308726332,0.0,1.0,0.0,-0.9618399308726332,0.0,-0.27361276903486836,0.35287469567329455,0.0,0.36767198912251453,0
-0.27677375969311935,0.0,0.9609351101637068,0.0,1.0,0.0,-0.9609351101637068,0.0,-0.27677375969311935,0.35706103530736777,0.0,0.36610211175973706,0
-0.27994118192670825,0.0,0.9600171533162716,0.0,1.0,0.0,-0.9600171533162716,0.0,-0.27994118192670825,0.3612598732113298,0.0,0.36452754754575134,0
-0.28311470236985914,0.0,0.9590860572972719,0.0,1.0,0.0,-0.9590860572972719,0.0,-0.28311470236985914,0.365470848440575,0.0,0.36294843183478437,0
-0.28629398682747415,0.0,0.9581418230650565,0.0,1.0,0.0,-0.9581418230650565,0.0,-0.28629398682747415,0.3696935984082658,0.0,0.3613649005969003,0
-0.2894787003542708,0.0,0.9571844555994431,0.0,1.0,0.0,-0.9571844555994431,0.0,-0.2894787003542708,0.3739277589366522,0.0,0.35977709039875544,0
-0.2926685073341708,0.0,0.956213963930034,0.0,1.0,0.0,-0.956213963930034,0.0,-0.2926685073341708,0.3781729643083922,0.0,0.35818513838435295,0
-0.29586307155990554,0.0,0.9552303611627607,0.0,1.0,0.0,-0.9552303611627607,0.0,-0.29586307155990554,0.3824288473178708,0.0,0.3565891822557985,0
-0.29906205631281324,0.0,0.9542336645046389,0.0,1.0,0.0,-0.9542336645046389,0.0,-0.29906205631281324,0.3866950393225202,0.0,0.354989360254055,0
-0.3022651244427943,0.0,0.953223895286717,0.0,1.0,0.0,-0.953223895286717,0.0,-0.3022651244427943,0.39097117029413975,0.0,0.3533858111396976,0
-0.3054719384483937,0.0,0.9522010789852009,0.0,1.0,0.0,-0.9522010789852009,0.0,-0.3054719384483937,0.395256868870215,0.0,0.3517786741736694,0
-0.30868216055698017,0.0,0.9511652452407388,0.0,1.0,0.0,-0.9511652452407388,0.0,-0.30868216055698017,0.39955176240523793,0.0,0.35016808909803576,0
-0.31189545280498987,0.0,0.9501164278758527,0.0,1.0,0.0,-0.9501164278758527,0.0,-0.31189545280498987,0.40385547702202684,0.0,0.34855419611673993,0
-0.3151114771182016,0.0,0.9490546649105019,0.0,1.0,0.0,-0.9490546649105019,0.0,-0.3151114771182016,0.40816763766304587,0.0,0.34693713587635777,0
-0.31832989539201084,0.0,0.9479799985757671,0.0,1.0,0.0,-0.9479799985757671,0.0,-0.31832989539201084,0.4124878681417239,0.0,0.34531704944685354,0
-0.3215503695716727,0.0,0.9468924753256416,0.0,1.0,0.0,-0.9468924753256416,0.0,-0.3215503695716727,0.41681579119377654,0.0,0.3436940783023338,0
-0.3247725617324745,0.0,0.9457921458469224,0.0,1.0,0.0,-0.9457921458469224,0.0,-0.3247725617324745,0.42115102852852326,0.0,0.34206836430180376,0
-0.3279961341598115,0.0,0.9446790650671893,0.0,1.0,0.0,-0.9446790650671893,0.0,-0.3279961341598115,0.42549320088020914,0.0,0.3404400496699216,0
-0.3312207494291267,0.0,0.9435532921608655,0.0,1.0,0.0,-0.9435532921608655,0.0,-0.3312207494291267,0.42984192805932353,0.0,0.33880927697775365,0
-0.3344460704856837,0.0,0.9424148905533513,0.0,1.0,0.0,-0.9424148905533513,0.0,-0.3344460704856837,0.4341968290039196,0.0,0.3371761891235302,0
-0.3376717607241391,0.0,0.9412639279232259,0.0,1.0,0.0,-0.9412639279232259,0.0,-0.3376717607241391,0.43855752183093594,0.0,0.33554092931339907,0
-0.3408974840678753,0.0,0.9401004762025136,0.0,1.0,0.0,-0.9401004762025136,0.0,-0.3408974840678753,0.44292362388751294,0.0,0.3339036410421826,0
-0.3441229050480693,0.0,0.9389246115750068,0.0,1.0,0.0,-0.9389246115750068,0.0,-0.3441229050480693,0.4472947518023168,0.0,0.3322644680741312,0
-0.34734768888245054,0.0,0.9377364144726493,0.0,1.0,0.0,-0.9377364144726493,0.0,-0.34734768888245054,0.45167052153685505,0.0,0.33062355442367936,0
-0.35057150155372624,0.0,0.9365359695699711,0.0,1.0,0.0,-0.9365359695699711,0.0,-0.35057150155372624,0.4560505484367997,0.0,0.3289810443362001,0
-0.35379400988762866,0.0,0.9353233657765813,0.0,1.0,0.0,-0.9353233657765813,0.0,-0.35379400988762866,0.4604344472833045,0.0,0.3273370822687608,0
-0.3570148816305593,0.0,0.9340986962277155,0.0,1.0,0.0,-0.9340986962277155,0.0,-0.3570148816305593,0.46482183234432634,0.0,0.3256918128708777,0
-0.36023378552678936,0.0,0.9328620582728397,0.0,1.0,0.0,-0.9328620582728397,0.0,-0.36023378552678936,0.4692123174259442,0.0,0.32404538096527097,0
-0.36345039139518576,0.0,0.9316135534623174,0.0,1.0,0.0,-0.9316135534623174,0.0,-0.36345039139518576,0.4736055159236793,0.0,0.3223979315286203,0
-0.3666643702054273,0.0,0.9303532875321382,0.0,1.0,0.0,-0.9303532875321382,0.0,-0.3666643702054273,0.47800104087381434,0.0,0.32074960967231964,0
-0.3698753941536779,0.0,0.9290813703867178,0.0,1.0,0.0,-0.9290813703867178,0.0,-0.3698753941536779,0.4823985050047136,0.0,0.3191005606232324,0
-0.37308313673768356,0.0,0.9277979160797738,0.0,1.0,0.0,-0.9277979160797738,0.0,-0.37308313673768356,0.4867975207881431,0.0,0.3174509297044463,0
-0.37628727283125746,0.0,0.9265030427932845,0.0,1.0,0.0,-0.9265030427932845,0.0,-0.37628727283125746,0.4911977004905887,0.0,0.3158008623160292,0
-0.379487478758125,0.0,0.9251968728145387,0.0,1.0,0.0,-0.9251968728145387,0.0,-0.379487478758125,0.4955986562245782,0.0,0.31415050391578314,0
-0.3826834323650897,0.0,0.9238795325112867,0.0,1.0,0.0,-0.9238795325112867,0.0,-0.3826834323650897,0.5,0.0,0.3125,0
-0.3858748130944918,0.0,0.9225511523050042,0.0,1.0,0.0,-0.9225511523050042,0.0,-0.3858748130944918,0.5044013437754218,0.0,0.31084949608421686,0
-0.3890613020559268,0.0,0.9212118666422762,0.0,1.0,0.0,-0.9212118666422762,0.0,-0.3890613020559268,0.5088022995094115,0.0,0.30919913768397067,0
-0.3922425820971915,0.0,0.9198618139643193,0.0,1.0,0.0,-0.9198618139643193,0.0,-0.3922425820971915,0.5132024792118572,0.0,0.30754907029555356,0
-0.39541833787442576,0.0,0.9185011366746513,0.0,1.0,0.0,-0.9185011366746513,0.0,-0.39541833787442576,0.5176014949952865,0.0,0.30589943937676756,0
-0.3985882559214203,0.0,0.9171299811049252,0.0,1.0,0.0,-0.9171299811049252,0.0,-0.3985882559214203,0.5219989591261857,0.0,0.30425039032768036,0
-0.4017520247180602,0.0,0.9157484974789416,0.0,1.0,0.0,-0.9157484974789416,0.0,-0.4017520247180602,0.5263944840763208,0.0,0.3026020684713797,0
-0.40490933475787205,0.0,0.9143568398748584,0.0,1.0,0.0,-0.9143568398748584,0.0,-0.40490933475787205,0.5307876825740558,0.0,0.3009546190347291,0
-0.4080598786146492,0.0,0.9129551661856117,0.0,1.0,0.0,-0.9129551661856117,0.0,-0.4080598786146492,0.5351781676556735,0.0,0.29930818712912244,0
-0.4112033510081237,0.0,0.9115436380775689,0.0,1.0,0.0,-0.9115436380775689,0.0,-0.4112033510081237,0.5395655527166958,0.0,0.2976629177312391,0
-0.41433944886865476,0.0,0.9101224209474347,0.0,1.0,0.0,-0.9101224209474347,0.0,-0.41433944886865476,0.5439494515632007,0.0,0.2960189556637997,0
-0.41746787140091324,0.0,0.9086916838774253,0.0,1.0,0.0,-0.9086916838774253,0.0,-0.41746787140091324,0.5483294784631451,0.0,0.2943764455763206,0
-0.420588320146528,0.0,0.9072515995887368,0.0,1.0,0.0,-0.9072515995887368,0.0,-0.420588320146528,0.552705248197683,0.0,0.2927355319258689,0
-0.4237004990456719,0.0,0.9058023443933276,0.0,1.0,0.0,-0.9058023443933276,0.0,-0.4237004990456719,0.5570763761124868,0.0,0.29109635895781744,0
-0.42680411449755884,0.0,0.9043440981440387,0.0,1.0,0.0,-0.9043440981440387,0.0,-0.42680411449755884,0.5614424781690645,0.0,0.2894590706866008,0
-0.4298988754198315,0.0,0.9028770441830738,0.0,1.0,0.0,-0.9028770441830738,0.0,-0.4298988754198315,0.5658031709960804,0.0,0.28782381087646985,0
-0.43298449330681393,0.0,0.9014013692888655,0.0,1.0,0.0,-0.9014013692888655,0.0,-0.43298449330681393,0.5701580719406767,0.0,0.28619072302224624,0
-0.43606068228660183,0.0,0.8999172636213527,0.0,1.0,0.0,-0.8999172636213527,0.0,-0.43606068228660183,0.5745067991197907,0.0,0.28455995033007847,0
-0.43912715917697565,0.0,0.8984249206656943,0.0,1.0,0.0,-0.8984249206656943,0.0,-0.43912715917697565,0.578848971471477,0.0,0.2829316356981961,0
-0.44218364354010664,0.0,0.896924537174447,0.0,1.0,0.0,-0.896924537174447,0.0,-0.44218364354010664,0.5831842088062238,0.0,0.2813059216976661,0
-0.44522985773604346,0.0,0.8954163131082338,0.0,1.0,0.0,-0.8954163131082338,0.0,-0.44522985773604346,0.5875121318582763,0.0,0.2796829505531464,0
-0.4482655269749524,0.0,0.8939004515749325,0.0,1.0,0.0,-0.8939004515749325,0.0,-0.4482655269749524,0.5918323623369541,0.0,0.27806286412364223,0
-0.4512903793680978,0.0,0.8923771587674117,0.0,1.0,0.0,-0.8923771587674117,0.0,-0.4512903793680978,0.5961445229779736,0.0,0.2764458038832599,0
-0.4543041459775367,0.0,0.8908466438998471,0.0,1.0,0.0,-0.8908466438998471,0.0,-0.4543041459775367,0.6004482375947624,0.0,0.2748319109019641,0
-0.45730656086452404,0.0,0.8893091191426418,0.0,1.0,0.0,-0.8893091191426418,0.0,-0.45730656086452404,0.6047431311297852,0.0,0.2732213258263306,0
-0.4602973611365975,0.0,0.8877647995559886,0.0,1.0,0.0,-0.8877647995559886,0.0,-0.4602973611365975,0.6090288297058604,0.0,0.27161418886030236,0
-0.4632762869933357,0.0,0.8862139030221026,0.0,1.0,0.0,-0.8862139030221026,0.0,-0.4632762869933357,0.6133049606774799,0.0,0.2700106397459451,0
-0.46624308177077284,0.0,0.884656650176153,0.0,1.0,0.0,-0.884656650176153,0.0,-0.46624308177077284,0.6175711526821291,0.0,0.26841081774420156,0
-0.46919749198445876,0.0,0.8830932643359328,0.0,1.0,0.0,-0.8830932643359328,0.0,-0.46919749198445876,0.6218270356916079,0.0,0.26681486161564705,0
-0.47213926737114637,0.0,0.8815239714302936,0.0,1.0,0.0,-0.8815239714302936,0.0,-0.47213926737114637,0.6260722410633478,0.0,0.26522290960124456,0
-0.4750681609291036,0.0,0.8799489999263818,0.0,1.0,0.0,-0.8799489999263818,0.0,-0.4750681609291036,0.6303064015917343,0.0,0.2636350994030996,0
-0.477983928957032,0.0,0.8783685807557092,0.0,1.0,0.0,-0.8783685807557092,0.0,-0.477983928957032,0.634529151559425,0.0,0.26205156816521563,0
-0.4808863310915888,0.0,0.8767829472390933,0.0,1.0,0.0,-0.8767829472390933,0.0,-0.4808863310915888,0.6387401267886705,0.0,0.26047245245424855,0
-0.4837751303434985,0.0,0.8751923350104999,0.0,1.0,0.0,-0.8751923350104999,0.0,-0.4837751303434985,0.6429389646926323,0.0,0.2588978882402629,0
-0.4866500931322551,0.0,0.873596981939823,0.0,1.0,0.0,-0.873596981939823,0.0,-0.4866500931322551,0.6471253043267058,0.0,0.25732801087748536,0
-0.4895109893193979,0.0,0.8719971280546424,0.0,1.0,0.0,-0.8719971280546424,0.0,-0.4895109893193979,0.6512987864398356,0.0,0.25576295508506164,0
-0.49235759224036907,0.0,0.870393015460985,0.0,1.0,0.0,-0.870393015460985,0.0,-0.49235759224036907,0.6554590535258397,0.0,0.25420285492781014,0
-0.4951896787349375,0.0,0.8687848882631358,0.0,1.0,0.0,-0.8687848882631358,0.0,-0.4951896787349375,0.6596057498747265,0.0,0.2526478437969776,0
-0.4980070291761925,0.0,0.8671729924825282,0.0,1.0,0.0,-0.8671729924825282,0.0,-0.4980070291761925,0.6637385216240143,0.0,0.25109805439099464,0
-0.5008094274981082,0.0,0.8655575759757506,0.0,1.0,0.0,-0.8655575759757506,0.0,-0.5008094274981082,0.6678570168100544,0.0,0.2495536186962296,0
-0.5035966612216672,0.0,0.8639388883517105,0.0,1.0,0.0,-0.8639388883517105,0.0,-0.5035966612216672,0.6719608854193457,0.0,0.24801466796774535,0
-0.5063685214795601,0.0,0.8623171808879864,0.0,1.0,0.0,-0.8623171808879864,0.0,-0.5063685214795601,0.6760497794398584,0.0,0.24648133271005307,0
-0.5091248030394491,0.0,0.8606927064464077,0.0,1.0,0.0,-0.8606927064464077,0.0,-0.5091248030394491,0.6801233529123538,0.0,0.24495374265786732,0
-0.5118653043258026,0.0,0.859065719387902,0.0,1.0,0.0,-0.859065719387902,0.0,-0.5118653043258026,0.684181261981701,0.0,0.2434320267568621,0
-0.5145898274403098,0.0,0.8574364754866405,0.0,1.0,0.0,-0.8574364754866405,0.0,-0.5145898274403098,0.6882231649481982,0.0,0.24191631314442566,0
-0.5172981781808762,0.0,0.8558052318435232,0.0,1.0,0.0,-0.8558052318435232,0.0,-0.5172981781808762,0.6922487223188958,0.0,0.24040672913041408,0
-0.5199901660591993,0.0,0.8541722467990436,0.0,1.0,0.0,-0.8541722467990436,0.0,-0.5199901660591993,0.6962575968589082,0.0,0.23890340117790942,0
-0.5226656043169513,0.0,0.8525377798455597,0.0,1.0,0.0,-0.8525377798455597,0.0,-0.5226656043169513,0.7002494536427432,0.0,0.23740645488397133,0
-0.525324309940552,0.0,0.8509020915390224,0.0,1.0,0.0,-0.8509020915390224,0.0,-0.525324309940552,0.7042239601056128,0.0,0.2359160149603952,0
-0.5279661036745649,0.0,0.8492654434101853,0.0,1.0,0.0,-0.8492654434101853,0.0,-0.5279661036745649,0.7081807860947607,0.0,0.23443220521446476,0
-0.5305908100337087,0.0,0.8476280978753434,0.0,1.0,0.0,-0.8476280978753434,0.0,-0.5305908100337087,0.7121196039207754,0.0,0.23295514852970922,0
-0.5331982573135091,0.0,0.8459903181466304,0.0,1.0,0.0,-0.8459903181466304,0.0,-0.5331982573135091,0.7160400884089155,0.0,0.23148496684665668,0
-0.535788277599594,0.0,0.8443523681419153,0.0,1.0,0.0,-0.8443523681419153,0.0,-0.535788277599594,0.7199419169504246,0.0,0.23002178114359076,0
-0.5383607067756536,0.0,0.8427145123943331,0.0,1.0,0.0,-0.8427145123943331,0.0,-0.5383607067756536,0.7238247695538548,0.0,0.22856571141730447,0
-0.540915384530076,0.0,0.8410770159614873,0.0,1.0,0.0,-0.8410770159614873,0.0,-0.540915384530076,0.727688328896386,0.0,0.22711687666385524,0
-0.54345215436127,0.0,0.8394401443343619,0.0,1.0,0.0,-0.8394401443343619,0.0,-0.54345215436127,0.7315322803751408,0.0,0.2256753948593222,0
-0.5459708635817068,0.0,0.8378041633459727,0.0,1.0,0.0,-0.8378041633459727,0.0,-0.5459708635817068,0.7353563121585118,0.0,0.22424138294055806,0
-0.5484713633206816,0.0,0.836169339079802,0.0,1.0,0.0,-0.836169339079802,0.0,-0.5484713633206816,0.7391601152374785,0.0,0.22281495678594557,0
-0.5509535085258183,0.0,0.834535937778051,0.0,1.0,0.0,-0.834535937778051,0.0,-0.5509535085258183,0.7429433834769203,0.0,0.22139623119615487,0
-0.5534171579633532,0.0,0.8329042257497347,0.0,1.0,0.0,-0.8329042257497347,0.0,-0.5534171579633532,0.7467058136669494,0.0,0.21998531987489395,0
